,Category,Id
0,0,0
1,3,3
2,8,8
3,7,7
4,9,9
5,1,1
6,8,8
7,7,7
8,9,9
9,4,4
10,0,0
11,4,4
12,6,6
13,0,0
14,3,3
15,7,7
16,3,3
17,1,1
18,0,0
19,3,3
20,1,1
21,2,2
22,1,1
23,8,8
24,3,3
25,4,4
26,1,1
27,0,0
28,4,4
29,2,2
30,5,5
31,4,4
32,1,1
33,5,5
34,4,4
35,6,6
36,0,0
37,2,2
38,7,7
39,4,4
40,4,4
41,0,0
42,3,3
43,8,8
44,9,9
45,7,7
46,6,6
47,4,4
48,9,9
49,4,4
50,4,4
51,2,2
52,7,7
53,4,4
54,4,4
55,3,3
56,4,4
57,4,4
58,4,4
59,7,7
60,2,2
61,6,6
62,1,1
63,1,1
64,7,7
65,1,1
66,8,8
67,2,2
68,4,4
69,1,1
70,1,1
71,2,2
72,2,2
73,1,1
74,6,6
75,1,1
76,5,5
77,0,0
78,7,7
79,1,1
80,5,5
81,0,0
82,3,3
83,9,9
84,2,2
85,4,4
86,5,5
87,9,9
88,0,0
89,1,1
90,9,9
91,1,1
92,8,8
93,6,6
94,4,4
95,1,1
96,3,3
97,4,4
98,4,4
99,2,2
100,9,9
101,6,6
102,5,5
103,8,8
104,7,7
105,6,6
106,4,4
107,3,3
108,5,5
109,6,6
110,1,1
111,0,0
112,9,9
113,5,5
114,7,7
115,6,6
116,8,8
117,7,7
118,8,8
119,0,0
120,5,5
121,4,4
122,6,6
123,0,0
124,7,7
125,4,4
126,1,1
127,8,8
128,3,3
129,0,0
130,2,2
131,9,9
132,4,4
133,7,7
134,2,2
135,2,2
136,7,7
137,1,1
138,0,0
139,3,3
140,6,6
141,0,0
142,3,3
143,0,0
144,3,3
145,6,6
146,0,0
147,3,3
148,1,1
149,7,7
150,5,5
151,4,4
152,0,0
153,6,6
154,0,0
155,9,9
156,8,8
157,8,8
158,9,9
159,1,1
160,4,4
161,9,9
162,4,4
163,9,9
164,2,2
165,6,6
166,9,9
167,2,2
168,0,0
169,3,3
170,6,6
171,4,4
172,9,9
173,1,1
174,8,8
175,4,4
176,6,6
177,8,8
178,1,1
179,4,4
180,1,1
181,6,6
182,5,5
183,2,2
184,6,6
185,7,7
186,9,9
187,5,5
188,5,5
189,7,7
190,2,2
191,6,6
192,3,3
193,5,5
194,2,2
195,6,6
196,0,0
197,2,2
198,0,0
199,8,8
200,4,4
201,5,5
202,8,8
203,0,0
204,2,2
205,0,0
206,1,1
207,1,1
208,4,4
209,5,5
210,6,6
211,5,5
212,0,0
213,9,9
214,6,6
215,1,1
216,1,1
217,6,6
218,4,4
219,9,9
220,1,1
221,5,5
222,2,2
223,4,4
224,9,9
225,3,3
226,6,6
227,5,5
228,7,7
229,0,0
230,2,2
231,0,0
232,9,9
233,2,2
234,7,7
235,1,1
236,6,6
237,5,5
238,8,8
239,7,7
240,3,3
241,0,0
242,9,9
243,9,9
244,6,6
245,0,0
246,3,3
247,1,1
248,6,6
249,8,8
250,3,3
251,0,0
252,6,6
253,1,1
254,7,7
255,9,9
256,4,4
257,6,6
258,9,9
259,3,3
260,5,5
261,1,1
262,0,0
263,0,0
264,6,6
265,1,1
266,7,7
267,5,5
268,7,7
269,5,5
270,3,3
271,2,2
272,3,3
273,7,7
274,9,9
275,2,2
276,4,4
277,1,1
278,1,1
279,5,5
280,6,6
281,3,3
282,3,3
283,7,7
284,4,4
285,4,4
286,9,9
287,6,6
288,1,1
289,8,8
290,2,2
291,7,7
292,3,3
293,5,5
294,6,6
295,2,2
296,8,8
297,3,3
298,0,0
299,3,3
300,3,3
301,0,0
302,2,2
303,2,2
304,3,3
305,9,9
306,5,5
307,7,7
308,9,9
309,3,3
310,2,2
311,6,6
312,1,1
313,6,6
314,8,8
315,7,7
316,3,3
317,6,6
318,8,8
319,4,4
320,7,7
321,6,6
322,7,7
323,1,1
324,7,7
325,2,2
326,5,5
327,5,5
328,6,6
329,7,7
330,9,9
331,2,2
332,1,1
333,8,8
334,6,6
335,1,1
336,7,7
337,8,8
338,9,9
339,9,9
340,7,7
341,8,8
342,8,8
343,0,0
344,2,2
345,4,4
346,3,3
347,2,2
348,1,1
349,0,0
350,4,4
351,8,8
352,2,2
353,3,3
354,6,6
355,5,5
356,2,2
357,0,0
358,3,3
359,1,1
360,8,8
361,7,7
362,9,9
363,5,5
364,6,6
365,3,3
366,4,4
367,5,5
368,6,6
369,3,3
370,8,8
371,8,8
372,0,0
373,7,7
374,5,5
375,7,7
376,2,2
377,3,3
378,1,1
379,0,0
380,5,5
381,8,8
382,9,9
383,9,9
384,5,5
385,4,4
386,3,3
387,2,2
388,7,7
389,2,2
390,9,9
391,6,6
392,0,0
393,2,2
394,7,7
395,4,4
396,0,0
397,3,3
398,0,0
399,0,0
400,1,1
401,1,1
402,0,0
403,4,4
404,4,4
405,6,6
406,0,0
407,2,2
408,6,6
409,9,9
410,2,2
411,4,4
412,0,0
413,3,3
414,6,6
415,1,1
416,4,4
417,5,5
418,7,7
419,7,7
420,8,8
421,6,6
422,4,4
423,5,5
424,6,6
425,5,5
426,9,9
427,2,2
428,5,5
429,4,4
430,4,4
431,9,9
432,6,6
433,3,3
434,0,0
435,7,7
436,8,8
437,6,6
438,2,2
439,6,6
440,0,0
441,2,2
442,7,7
443,8,8
444,1,1
445,2,2
446,5,5
447,5,5
448,6,6
449,9,9
450,3,3
451,4,4
452,2,2
453,1,1
454,8,8
455,6,6
456,6,6
457,1,1
458,1,1
459,8,8
460,4,4
461,1,1
462,3,3
463,4,4
464,6,6
465,5,5
466,3,3
467,7,7
468,8,8
469,7,7
470,4,4
471,9,9
472,3,3
473,5,5
474,8,8
475,4,4
476,1,1
477,4,4
478,4,4
479,4,4
480,7,7
481,1,1
482,6,6
483,8,8
484,1,1
485,8,8
486,7,7
487,1,1
488,0,0
489,9,9
490,3,3
491,7,7
492,1,1
493,4,4
494,9,9
495,9,9
496,4,4
497,8,8
498,9,9
499,4,4
500,6,6
501,3,3
502,2,2
503,1,1
504,5,5
505,1,1
506,2,2
507,4,4
508,3,3
509,8,8
510,4,4
511,1,1
512,0,0
513,3,3
514,8,8
515,3,3
516,8,8
517,4,4
518,1,1
519,5,5
520,0,0
521,7,7
522,9,9
523,5,5
524,2,2
525,6,6
526,0,0
527,3,3
528,0,0
529,0,0
530,2,2
531,2,2
532,9,9
533,5,5
534,3,3
535,7,7
536,6,6
537,4,4
538,4,4
539,4,4
540,7,7
541,5,5
542,8,8
543,2,2
544,5,5
545,2,2
546,4,4
547,3,3
548,0,0
549,7,7
550,7,7
551,4,4
552,0,0
553,6,6
554,3,3
555,2,2
556,3,3
557,0,0
558,0,0
559,3,3
560,9,9
561,3,3
562,1,1
563,1,1
564,4,4
565,2,2
566,2,2
567,4,4
568,6,6
569,6,6
570,9,9
571,5,5
572,7,7
573,1,1
574,2,2
575,0,0
576,2,2
577,6,6
578,0,0
579,4,4
580,2,2
581,9,9
582,0,0
583,1,1
584,6,6
585,7,7
586,5,5
587,8,8
588,6,6
589,2,2
590,4,4
591,5,5
592,1,1
593,9,9
594,4,4
595,0,0
596,5,5
597,0,0
598,0,0
599,5,5
600,5,5
601,6,6
602,7,7
603,3,3
604,3,3
605,4,4
606,6,6
607,3,3
608,3,3
609,6,6
610,8,8
611,7,7
612,9,9
613,8,8
614,3,3
615,9,9
616,1,1
617,3,3
618,5,5
619,5,5
620,0,0
621,7,7
622,0,0
623,1,1
624,6,6
625,7,7
626,6,6
627,8,8
628,1,1
629,7,7
630,7,7
631,3,3
632,4,4
633,4,4
634,1,1
635,5,5
636,2,2
637,7,7
638,7,7
639,5,5
640,6,6
641,6,6
642,0,0
643,2,2
644,4,4
645,7,7
646,5,5
647,5,5
648,1,1
649,3,3
650,7,7
651,0,0
652,3,3
653,4,4
654,6,6
655,2,2
656,0,0
657,2,2
658,3,3
659,9,9
660,5,5
661,7,7
662,3,3
663,9,9
664,9,9
665,3,3
666,8,8
667,9,9
668,5,5
669,7,7
670,7,7
671,7,7
672,6,6
673,9,9
674,7,7
675,6,6
676,1,1
677,0,0
678,6,6
679,1,1
680,3,3
681,4,4
682,0,0
683,4,4
684,7,7
685,5,5
686,2,2
687,4,4
688,1,1
689,4,4
690,4,4
691,7,7
692,7,7
693,1,1
694,3,3
695,3,3
696,9,9
697,6,6
698,5,5
699,8,8
700,2,2
701,0,0
702,8,8
703,6,6
704,2,2
705,6,6
706,5,5
707,9,9
708,4,4
709,3,3
710,6,6
711,2,2
712,8,8
713,0,0
714,7,7
715,5,5
716,9,9
717,6,6
718,1,1
719,1,1
720,8,8
721,0,0
722,3,3
723,2,2
724,6,6
725,3,3
726,6,6
727,3,3
728,2,2
729,6,6
730,2,2
731,0,0
732,6,6
733,1,1
734,9,9
735,4,4
736,3,3
737,0,0
738,1,1
739,1,1
740,3,3
741,1,1
742,3,3
743,5,5
744,0,0
745,4,4
746,9,9
747,0,0
748,6,6
749,0,0
750,2,2
751,1,1
752,8,8
753,1,1
754,2,2
755,1,1
756,4,4
757,6,6
758,0,0
759,6,6
760,6,6
761,5,5
762,6,6
763,8,8
764,8,8
765,1,1
766,9,9
767,2,2
768,9,9
769,4,4
770,4,4
771,8,8
772,8,8
773,1,1
774,7,7
775,5,5
776,6,6
777,6,6
778,4,4
779,3,3
780,3,3
781,4,4
782,3,3
783,2,2
784,1,1
785,0,0
786,8,8
787,3,3
788,8,8
789,9,9
790,3,3
791,0,0
792,1,1
793,2,2
794,1,1
795,5,5
796,7,7
797,0,0
798,5,5
799,0,0
800,1,1
801,8,8
802,7,7
803,7,7
804,7,7
805,8,8
806,7,7
807,9,9
808,4,4
809,9,9
810,4,4
811,6,6
812,8,8
813,5,5
814,4,4
815,8,8
816,5,5
817,7,7
818,4,4
819,7,7
820,5,5
821,1,1
822,6,6
823,8,8
824,1,1
825,4,4
826,3,3
827,2,2
828,9,9
829,0,0
830,5,5
831,8,8
832,7,7
833,3,3
834,8,8
835,4,4
836,9,9
837,8,8
838,3,3
839,1,1
840,5,5
841,2,2
842,2,2
843,8,8
844,4,4
845,5,5
846,9,9
847,1,1
848,4,4
849,2,2
850,4,4
851,2,2
852,9,9
853,1,1
854,0,0
855,6,6
856,5,5
857,6,6
858,0,0
859,9,9
860,1,1
861,6,6
862,8,8
863,0,0
864,5,5
865,4,4
866,9,9
867,9,9
868,0,0
869,5,5
870,2,2
871,3,3
872,9,9
873,1,1
874,0,0
875,8,8
876,0,0
877,3,3
878,3,3
879,5,5
880,2,2
881,9,9
882,8,8
883,5,5
884,7,7
885,2,2
886,2,2
887,4,4
888,8,8
889,6,6
890,4,4
891,8,8
892,9,9
893,7,7
894,6,6
895,0,0
896,1,1
897,9,9
898,2,2
899,1,1
900,2,2
901,8,8
902,6,6
903,8,8
904,7,7
905,9,9
906,1,1
907,4,4
908,9,9
909,8,8
910,5,5
911,1,1
912,3,3
913,4,4
914,1,1
915,8,8
916,0,0
917,2,2
918,0,0
919,7,7
920,9,9
921,2,2
922,3,3
923,5,5
924,1,1
925,6,6
926,5,5
927,2,2
928,5,5
929,6,6
930,0,0
931,6,6
932,8,8
933,4,4
934,0,0
935,9,9
936,6,6
937,4,4
938,6,6
939,9,9
940,0,0
941,3,3
942,7,7
943,8,8
944,3,3
945,3,3
946,4,4
947,6,6
948,1,1
949,7,7
950,1,1
951,7,7
952,4,4
953,7,7
954,4,4
955,8,8
956,0,0
957,4,4
958,2,2
959,6,6
960,1,1
961,7,7
962,3,3
963,1,1
964,6,6
965,8,8
966,5,5
967,0,0
968,4,4
969,1,1
970,9,9
971,0,0
972,5,5
973,7,7
974,6,6
975,9,9
976,0,0
977,4,4
978,7,7
979,1,1
980,5,5
981,7,7
982,4,4
983,4,4
984,2,2
985,9,9
986,2,2
987,9,9
988,1,1
989,8,8
990,3,3
991,8,8
992,1,1
993,5,5
994,6,6
995,7,7
996,9,9
997,5,5
998,3,3
999,4,4
1000,7,7
1001,5,5
1002,8,8
1003,6,6
1004,9,9
1005,3,3
1006,8,8
1007,3,3
1008,1,1
1009,7,7
1010,2,2
1011,5,5
1012,1,1
1013,3,3
1014,7,7
1015,3,3
1016,0,0
1017,5,5
1018,5,5
1019,0,0
1020,1,1
1021,4,4
1022,9,9
1023,1,1
1024,0,0
1025,3,3
1026,8,8
1027,7,7
1028,9,9
1029,6,6
1030,3,3
1031,0,0
1032,9,9
1033,5,5
1034,5,5
1035,2,2
1036,4,4
1037,6,6
1038,6,6
1039,3,3
1040,8,8
1041,5,5
1042,1,1
1043,7,7
1044,8,8
1045,3,3
1046,3,3
1047,0,0
1048,9,9
1049,3,3
1050,0,0
1051,1,1
1052,5,5
1053,9,9
1054,4,4
1055,6,6
1056,7,7
1057,9,9
1058,8,8
1059,8,8
1060,3,3
1061,7,7
1062,9,9
1063,9,9
1064,4,4
1065,3,3
1066,4,4
1067,0,0
1068,6,6
1069,2,2
1070,9,9
1071,3,3
1072,7,7
1073,4,4
1074,1,1
1075,9,9
1076,3,3
1077,2,2
1078,0,0
1079,0,0
1080,3,3
1081,8,8
1082,1,1
1083,1,1
1084,7,7
1085,1,1
1086,3,3
1087,7,7
1088,8,8
1089,8,8
1090,8,8
1091,5,5
1092,8,8
1093,6,6
1094,6,6
1095,1,1
1096,7,7
1097,7,7
1098,1,1
1099,3,3
1100,0,0
1101,1,1
1102,1,1
1103,8,8
1104,6,6
1105,0,0
1106,2,2
1107,3,3
1108,3,3
1109,9,9
1110,2,2
1111,5,5
1112,0,0
1113,4,4
1114,0,0
1115,0,0
1116,4,4
1117,5,5
1118,9,9
1119,8,8
1120,1,1
1121,1,1
1122,3,3
1123,2,2
1124,4,4
1125,3,3
1126,1,1
1127,7,7
1128,9,9
1129,2,2
1130,3,3
1131,8,8
1132,0,0
1133,2,2
1134,5,5
1135,1,1
1136,9,9
1137,1,1
1138,7,7
1139,8,8
1140,2,2
1141,9,9
1142,9,9
1143,0,0
1144,7,7
1145,7,7
1146,0,0
1147,6,6
1148,0,0
1149,1,1
1150,6,6
1151,0,0
1152,2,2
1153,5,5
1154,3,3
1155,7,7
1156,8,8
1157,0,0
1158,3,3
1159,7,7
1160,3,3
1161,0,0
1162,2,2
1163,3,3
1164,1,1
1165,4,4
1166,6,6
1167,6,6
1168,0,0
1169,1,1
1170,8,8
1171,3,3
1172,3,3
1173,1,1
1174,2,2
1175,9,9
1176,1,1
1177,7,7
1178,8,8
1179,4,4
1180,4,4
1181,9,9
1182,0,0
1183,5,5
1184,4,4
1185,3,3
1186,0,0
1187,0,0
1188,1,1
1189,9,9
1190,4,4
1191,1,1
1192,0,0
1193,0,0
1194,1,1
1195,6,6
1196,4,4
1197,4,4
1198,2,2
1199,1,1
1200,9,9
1201,0,0
1202,1,1
1203,6,6
1204,8,8
1205,6,6
1206,4,4
1207,7,7
1208,3,3
1209,6,6
1210,4,4
1211,9,9
1212,1,1
1213,3,3
1214,7,7
1215,4,4
1216,2,2
1217,9,9
1218,4,4
1219,7,7
1220,9,9
1221,1,1
1222,2,2
1223,6,6
1224,9,9
1225,8,8
1226,1,1
1227,4,4
1228,6,6
1229,7,7
1230,3,3
1231,6,6
1232,1,1
1233,1,1
1234,3,3
1235,9,9
1236,7,7
1237,4,4
1238,2,2
1239,6,6
1240,2,2
1241,7,7
1242,3,3
1243,9,9
1244,9,9
1245,2,2
1246,5,5
1247,7,7
1248,9,9
1249,8,8
1250,3,3
1251,3,3
1252,8,8
1253,6,6
1254,8,8
1255,7,7
1256,4,4
1257,2,2
1258,4,4
1259,6,6
1260,9,9
1261,4,4
1262,3,3
1263,9,9
1264,7,7
1265,1,1
1266,6,6
1267,6,6
1268,1,1
1269,4,4
1270,0,0
1271,5,5
1272,7,7
1273,7,7
1274,1,1
1275,0,0
1276,0,0
1277,1,1
1278,2,2
1279,0,0
1280,8,8
1281,4,4
1282,6,6
1283,3,3
1284,4,4
1285,3,3
1286,0,0
1287,5,5
1288,9,9
1289,8,8
1290,4,4
1291,5,5
1292,6,6
1293,2,2
1294,4,4
1295,6,6
1296,7,7
1297,0,0
1298,1,1
1299,6,6
1300,1,1
1301,0,0
1302,2,2
1303,7,7
1304,6,6
1305,4,4
1306,2,2
1307,5,5
1308,0,0
1309,1,1
1310,6,6
1311,0,0
1312,8,8
1313,6,6
1314,9,9
1315,2,2
1316,6,6
1317,3,3
1318,1,1
1319,7,7
1320,9,9
1321,9,9
1322,7,7
1323,9,9
1324,3,3
1325,6,6
1326,9,9
1327,3,3
1328,1,1
1329,9,9
1330,3,3
1331,4,4
1332,2,2
1333,2,2
1334,6,6
1335,9,9
1336,1,1
1337,2,2
1338,6,6
1339,2,2
1340,9,9
1341,2,2
1342,8,8
1343,1,1
1344,2,2
1345,6,6
1346,4,4
1347,7,7
1348,8,8
1349,7,7
1350,2,2
1351,9,9
1352,0,0
1353,1,1
1354,2,2
1355,4,4
1356,3,3
1357,5,5
1358,3,3
1359,0,0
1360,8,8
1361,9,9
1362,8,8
1363,4,4
1364,3,3
1365,5,5
1366,5,5
1367,2,2
1368,1,1
1369,3,3
1370,5,5
1371,4,4
1372,8,8
1373,2,2
1374,4,4
1375,6,6
1376,3,3
1377,7,7
1378,0,0
1379,6,6
1380,9,9
1381,2,2
1382,0,0
1383,5,5
1384,5,5
1385,8,8
1386,1,1
1387,5,5
1388,6,6
1389,6,6
1390,1,1
1391,8,8
1392,9,9
1393,2,2
1394,6,6
1395,6,6
1396,4,4
1397,6,6
1398,4,4
1399,3,3
1400,3,3
1401,3,3
1402,6,6
1403,7,7
1404,2,2
1405,7,7
1406,7,7
1407,1,1
1408,7,7
1409,2,2
1410,0,0
1411,2,2
1412,7,7
1413,9,9
1414,4,4
1415,0,0
1416,7,7
1417,1,1
1418,5,5
1419,0,0
1420,2,2
1421,6,6
1422,0,0
1423,7,7
1424,0,0
1425,2,2
1426,9,9
1427,8,8
1428,0,0
1429,0,0
1430,2,2
1431,0,0
1432,1,1
1433,1,1
1434,7,7
1435,8,8
1436,9,9
1437,5,5
1438,3,3
1439,7,7
1440,6,6
1441,3,3
1442,4,4
1443,8,8
1444,4,4
1445,5,5
1446,6,6
1447,3,3
1448,4,4
1449,1,1
1450,0,0
1451,5,5
1452,4,4
1453,2,2
1454,9,9
1455,5,5
1456,8,8
1457,4,4
1458,1,1
1459,6,6
1460,2,2
1461,5,5
1462,4,4
1463,2,2
1464,2,2
1465,3,3
1466,1,1
1467,4,4
1468,1,1
1469,1,1
1470,2,2
1471,4,4
1472,9,9
1473,1,1
1474,8,8
1475,7,7
1476,1,1
1477,8,8
1478,5,5
1479,1,1
1480,0,0
1481,7,7
1482,6,6
1483,6,6
1484,7,7
1485,4,4
1486,2,2
1487,8,8
1488,3,3
1489,7,7
1490,9,9
1491,6,6
1492,4,4
1493,3,3
1494,1,1
1495,0,0
1496,1,1
1497,0,0
1498,2,2
1499,6,6
1500,5,5
1501,6,6
1502,9,9
1503,5,5
1504,3,3
1505,6,6
1506,2,2
1507,9,9
1508,8,8
1509,7,7
1510,0,0
1511,7,7
1512,9,9
1513,3,3
1514,2,2
1515,7,7
1516,1,1
1517,7,7
1518,3,3
1519,1,1
1520,8,8
1521,2,2
1522,4,4
1523,9,9
1524,7,7
1525,6,6
1526,9,9
1527,2,2
1528,4,4
1529,5,5
1530,9,9
1531,8,8
1532,1,1
1533,7,7
1534,6,6
1535,6,6
1536,3,3
1537,3,3
1538,3,3
1539,9,9
1540,6,6
1541,7,7
1542,8,8
1543,0,0
1544,3,3
1545,7,7
1546,6,6
1547,4,4
1548,5,5
1549,1,1
1550,4,4
1551,6,6
1552,6,6
1553,0,0
1554,0,0
1555,1,1
1556,0,0
1557,6,6
1558,8,8
1559,4,4
1560,6,6
1561,4,4
1562,0,0
1563,6,6
1564,9,9
1565,7,7
1566,6,6
1567,0,0
1568,0,0
1569,3,3
1570,8,8
1571,6,6
1572,4,4
1573,5,5
1574,7,7
1575,1,1
1576,7,7
1577,6,6
1578,0,0
1579,2,2
1580,2,2
1581,9,9
1582,8,8
1583,1,1
1584,5,5
1585,1,1
1586,4,4
1587,1,1
1588,0,0
1589,2,2
1590,7,7
1591,3,3
1592,2,2
1593,1,1
1594,6,6
1595,4,4
1596,8,8
1597,5,5
1598,1,1
1599,2,2
1600,7,7
1601,5,5
1602,5,5
1603,5,5
1604,1,1
1605,8,8
1606,3,3
1607,1,1
1608,3,3
1609,9,9
1610,2,2
1611,7,7
1612,0,0
1613,4,4
1614,5,5
1615,7,7
1616,7,7
1617,7,7
1618,6,6
1619,5,5
1620,0,0
1621,5,5
1622,7,7
1623,8,8
1624,9,9
1625,3,3
1626,6,6
1627,1,1
1628,0,0
1629,8,8
1630,7,7
1631,5,5
1632,7,7
1633,2,2
1634,2,2
1635,9,9
1636,4,4
1637,6,6
1638,7,7
1639,4,4
1640,7,7
1641,1,1
1642,9,9
1643,5,5
1644,3,3
1645,7,7
1646,8,8
1647,5,5
1648,3,3
1649,7,7
1650,5,5
1651,3,3
1652,7,7
1653,7,7
1654,2,2
1655,9,9
1656,5,5
1657,0,0
1658,1,1
1659,7,7
1660,8,8
1661,5,5
1662,1,1
1663,0,0
1664,1,1
1665,2,2
1666,0,0
1667,4,4
1668,8,8
1669,0,0
1670,3,3
1671,8,8
1672,2,2
1673,6,6
1674,2,2
1675,1,1
1676,7,7
1677,4,4
1678,4,4
1679,8,8
1680,0,0
1681,7,7
1682,4,4
1683,2,2
1684,4,4
1685,6,6
1686,7,7
1687,1,1
1688,7,7
1689,5,5
1690,0,0
1691,6,6
1692,0,0
1693,9,9
1694,7,7
1695,9,9
1696,0,0
1697,2,2
1698,7,7
1699,9,9
1700,8,8
1701,3,3
1702,8,8
1703,8,8
1704,8,8
1705,5,5
1706,7,7
1707,9,9
1708,4,4
1709,2,2
1710,1,1
1711,4,4
1712,8,8
1713,3,3
1714,4,4
1715,6,6
1716,0,0
1717,9,9
1718,4,4
1719,7,7
1720,0,0
1721,1,1
1722,2,2
1723,6,6
1724,7,7
1725,4,4
1726,4,4
1727,1,1
1728,1,1
1729,2,2
1730,4,4
1731,2,2
1732,6,6
1733,3,3
1734,6,6
1735,8,8
1736,4,4
1737,4,4
1738,3,3
1739,3,3
1740,3,3
1741,0,0
1742,1,1
1743,1,1
1744,3,3
1745,7,7
1746,5,5
1747,0,0
1748,7,7
1749,4,4
1750,6,6
1751,6,6
1752,6,6
1753,6,6
1754,1,1
1755,8,8
1756,8,8
1757,5,5
1758,0,0
1759,3,3
1760,6,6
1761,5,5
1762,1,1
1763,6,6
1764,9,9
1765,8,8
1766,9,9
1767,0,0
1768,5,5
1769,0,0
1770,1,1
1771,7,7
1772,7,7
1773,2,2
1774,8,8
1775,4,4
1776,6,6
1777,8,8
1778,3,3
1779,9,9
1780,8,8
1781,6,6
1782,0,0
1783,8,8
1784,0,0
1785,2,2
1786,6,6
1787,1,1
1788,2,2
1789,5,5
1790,5,5
1791,9,9
1792,1,1
1793,8,8
1794,6,6
1795,3,3
1796,1,1
1797,2,2
1798,4,4
1799,9,9
1800,4,4
1801,3,3
1802,4,4
1803,0,0
1804,1,1
1805,5,5
1806,7,7
1807,7,7
1808,2,2
1809,2,2
1810,7,7
1811,7,7
1812,4,4
1813,3,3
1814,8,8
1815,5,5
1816,2,2
1817,4,4
1818,0,0
1819,0,0
1820,2,2
1821,8,8
1822,9,9
1823,4,4
1824,1,1
1825,9,9
1826,6,6
1827,6,6
1828,7,7
1829,2,2
1830,9,9
1831,3,3
1832,0,0
1833,8,8
1834,0,0
1835,2,2
1836,6,6
1837,8,8
1838,9,9
1839,2,2
1840,5,5
1841,2,2
1842,0,0
1843,7,7
1844,5,5
1845,0,0
1846,3,3
1847,0,0
1848,3,3
1849,6,6
1850,4,4
1851,1,1
1852,7,7
1853,8,8
1854,0,0
1855,1,1
1856,2,2
1857,5,5
1858,0,0
1859,3,3
1860,6,6
1861,7,7
1862,3,3
1863,5,5
1864,0,0
1865,8,8
1866,3,3
1867,4,4
1868,6,6
1869,2,2
1870,1,1
1871,0,0
1872,7,7
1873,4,4
1874,8,8
1875,1,1
1876,8,8
1877,5,5
1878,7,7
1879,9,9
1880,7,7
1881,0,0
1882,7,7
1883,4,4
1884,5,5
1885,2,2
1886,1,1
1887,7,7
1888,7,7
1889,8,8
1890,5,5
1891,4,4
1892,5,5
1893,9,9
1894,8,8
1895,7,7
1896,1,1
1897,3,3
1898,6,6
1899,0,0
1900,3,3
1901,0,0
1902,2,2
1903,6,6
1904,3,3
1905,9,9
1906,0,0
1907,1,1
1908,3,3
1909,5,5
1910,9,9
1911,3,3
1912,9,9
1913,1,1
1914,7,7
1915,2,2
1916,1,1
1917,3,3
1918,6,6
1919,7,7
1920,0,0
1921,2,2
1922,9,9
1923,1,1
1924,2,2
1925,2,2
1926,0,0
1927,6,6
1928,8,8
1929,1,1
1930,1,1
1931,8,8
1932,5,5
1933,9,9
1934,8,8
1935,0,0
1936,9,9
1937,6,6
1938,7,7
1939,3,3
1940,4,4
1941,6,6
1942,6,6
1943,8,8
1944,0,0
1945,9,9
1946,8,8
1947,7,7
1948,4,4
1949,4,4
1950,0,0
1951,7,7
1952,6,6
1953,5,5
1954,2,2
1955,4,4
1956,1,1
1957,3,3
1958,1,1
1959,3,3
1960,9,9
1961,1,1
1962,4,4
1963,3,3
1964,5,5
1965,3,3
1966,1,1
1967,7,7
1968,2,2
1969,6,6
1970,9,9
1971,4,4
1972,8,8
1973,9,9
1974,2,2
1975,3,3
1976,0,0
1977,8,8
1978,6,6
1979,9,9
1980,2,2
1981,2,2
1982,1,1
1983,1,1
1984,4,4
1985,5,5
1986,0,0
1987,6,6
1988,8,8
1989,1,1
1990,4,4
1991,5,5
1992,8,8
1993,1,1
1994,1,1
1995,9,9
1996,6,6
1997,9,9
1998,1,1
1999,7,7
2000,4,4
2001,0,0
2002,0,0
2003,1,1
2004,5,5
2005,0,0
2006,9,9
2007,4,4
2008,9,9
2009,2,2
2010,7,7
2011,4,4
2012,1,1
2013,7,7
2014,9,9
2015,1,1
2016,8,8
2017,8,8
2018,2,2
2019,0,0
2020,6,6
2021,4,4
2022,5,5
2023,9,9
2024,3,3
2025,2,2
2026,0,0
2027,3,3
2028,9,9
2029,3,3
2030,9,9
2031,1,1
2032,1,1
2033,7,7
2034,4,4
2035,8,8
2036,0,0
2037,6,6
2038,6,6
2039,3,3
2040,1,1
2041,1,1
2042,6,6
2043,5,5
2044,1,1
2045,4,4
2046,5,5
2047,6,6
2048,6,6
2049,7,7
2050,2,2
2051,9,9
2052,1,1
2053,6,6
2054,5,5
2055,1,1
2056,9,9
2057,3,3
2058,0,0
2059,2,2
2060,3,3
2061,9,9
2062,4,4
2063,6,6
2064,1,1
2065,0,0
2066,6,6
2067,0,0
2068,3,3
2069,2,2
2070,6,6
2071,7,7
2072,4,4
2073,6,6
2074,9,9
2075,9,9
2076,1,1
2077,2,2
2078,1,1
2079,3,3
2080,1,1
2081,8,8
2082,1,1
2083,9,9
2084,2,2
2085,6,6
2086,5,5
2087,6,6
2088,7,7
2089,8,8
2090,7,7
2091,1,1
2092,2,2
2093,4,4
2094,6,6
2095,2,2
2096,6,6
2097,1,1
2098,7,7
2099,1,1
2100,6,6
2101,4,4
2102,4,4
2103,0,0
2104,0,0
2105,0,0
2106,5,5
2107,5,5
2108,9,9
2109,7,7
2110,7,7
2111,3,3
2112,4,4
2113,2,2
2114,3,3
2115,7,7
2116,7,7
2117,7,7
2118,5,5
2119,9,9
2120,0,0
2121,1,1
2122,6,6
2123,3,3
2124,9,9
2125,0,0
2126,2,2
2127,7,7
2128,7,7
2129,5,5
2130,8,8
2131,3,3
2132,1,1
2133,0,0
2134,8,8
2135,1,1
2136,8,8
2137,5,5
2138,4,4
2139,1,1
2140,4,4
2141,9,9
2142,5,5
2143,8,8
2144,9,9
2145,1,1
2146,0,0
2147,7,7
2148,3,3
2149,8,8
2150,1,1
2151,4,4
2152,6,6
2153,1,1
2154,0,0
2155,7,7
2156,3,3
2157,5,5
2158,6,6
2159,7,7
2160,7,7
2161,0,0
2162,1,1
2163,3,3
2164,2,2
2165,4,4
2166,7,7
2167,1,1
2168,4,4
2169,4,4
2170,0,0
2171,7,7
2172,1,1
2173,0,0
2174,6,6
2175,9,9
2176,2,2
2177,1,1
2178,2,2
2179,0,0
2180,8,8
2181,5,5
2182,6,6
2183,6,6
2184,9,9
2185,4,4
2186,5,5
2187,8,8
2188,4,4
2189,5,5
2190,7,7
2191,0,0
2192,5,5
2193,7,7
2194,5,5
2195,2,2
2196,5,5
2197,8,8
2198,4,4
2199,4,4
2200,5,5
2201,0,0
2202,0,0
2203,2,2
2204,8,8
2205,7,7
2206,7,7
2207,2,2
2208,7,7
2209,4,4
2210,9,9
2211,2,2
2212,3,3
2213,3,3
2214,5,5
2215,5,5
2216,7,7
2217,1,1
2218,2,2
2219,8,8
2220,0,0
2221,7,7
2222,8,8
2223,8,8
2224,3,3
2225,7,7
2226,2,2
2227,1,1
2228,1,1
2229,5,5
2230,7,7
2231,1,1
2232,5,5
2233,2,2
2234,2,2
2235,2,2
2236,1,1
2237,6,6
2238,4,4
2239,9,9
2240,1,1
2241,8,8
2242,8,8
2243,3,3
2244,1,1
2245,6,6
2246,0,0
2247,9,9
2248,5,5
2249,2,2
2250,1,1
2251,0,0
2252,9,9
2253,7,7
2254,0,0
2255,1,1
2256,8,8
2257,8,8
2258,5,5
2259,8,8
2260,5,5
2261,8,8
2262,4,4
2263,0,0
2264,3,3
2265,7,7
2266,2,2
2267,5,5
2268,3,3
2269,8,8
2270,7,7
2271,8,8
2272,1,1
2273,3,3
2274,7,7
2275,5,5
2276,4,4
2277,8,8
2278,3,3
2279,1,1
2280,3,3
2281,7,7
2282,5,5
2283,5,5
2284,3,3
2285,3,3
2286,8,8
2287,8,8
2288,1,1
2289,4,4
2290,2,2
2291,7,7
2292,1,1
2293,7,7
2294,9,9
2295,9,9
2296,5,5
2297,6,6
2298,6,6
2299,8,8
2300,6,6
2301,0,0
2302,4,4
2303,6,6
2304,9,9
2305,0,0
2306,0,0
2307,5,5
2308,3,3
2309,0,0
2310,7,7
2311,2,2
2312,8,8
2313,1,1
2314,9,9
2315,6,6
2316,4,4
2317,1,1
2318,1,1
2319,7,7
2320,0,0
2321,7,7
2322,7,7
2323,8,8
2324,5,5
2325,7,7
2326,6,6
2327,7,7
2328,1,1
2329,7,7
2330,1,1
2331,1,1
2332,2,2
2333,8,8
2334,9,9
2335,5,5
2336,8,8
2337,9,9
2338,4,4
2339,8,8
2340,8,8
2341,3,3
2342,1,1
2343,2,2
2344,7,7
2345,7,7
2346,7,7
2347,6,6
2348,7,7
2349,8,8
2350,1,1
2351,6,6
2352,6,6
2353,6,6
2354,2,2
2355,5,5
2356,1,1
2357,1,1
2358,1,1
2359,9,9
2360,4,4
2361,5,5
2362,6,6
2363,9,9
2364,8,8
2365,2,2
2366,1,1
2367,8,8
2368,4,4
2369,5,5
2370,1,1
2371,9,9
2372,8,8
2373,0,0
2374,3,3
2375,7,7
2376,3,3
2377,2,2
2378,2,2
2379,6,6
2380,5,5
2381,5,5
2382,3,3
2383,9,9
2384,2,2
2385,0,0
2386,2,2
2387,1,1
2388,3,3
2389,5,5
2390,0,0
2391,3,3
2392,7,7
2393,3,3
2394,6,6
2395,7,7
2396,6,6
2397,8,8
2398,5,5
2399,6,6
2400,7,7
2401,9,9
2402,1,1
2403,8,8
2404,6,6
2405,6,6
2406,8,8
2407,1,1
2408,5,5
2409,7,7
2410,1,1
2411,2,2
2412,4,4
2413,0,0
2414,7,7
2415,4,4
2416,7,7
2417,3,3
2418,9,9
2419,7,7
2420,6,6
2421,8,8
2422,9,9
2423,3,3
2424,6,6
2425,3,3
2426,2,2
2427,1,1
2428,2,2
2429,7,7
2430,9,9
2431,4,4
2432,0,0
2433,5,5
2434,3,3
2435,3,3
2436,2,2
2437,8,8
2438,6,6
2439,9,9
2440,8,8
2441,4,4
2442,1,1
2443,1,1
2444,2,2
2445,4,4
2446,5,5
2447,6,6
2448,5,5
2449,9,9
2450,6,6
2451,4,4
2452,5,5
2453,7,7
2454,1,1
2455,1,1
2456,3,3
2457,8,8
2458,3,3
2459,2,2
2460,8,8
2461,2,2
2462,8,8
2463,1,1
2464,8,8
2465,7,7
2466,5,5
2467,0,0
2468,0,0
2469,5,5
2470,1,1
2471,2,2
2472,1,1
2473,3,3
2474,4,4
2475,9,9
2476,9,9
2477,1,1
2478,8,8
2479,1,1
2480,2,2
2481,9,9
2482,0,0
2483,6,6
2484,4,4
2485,2,2
2486,1,1
2487,3,3
2488,3,3
2489,6,6
2490,4,4
2491,0,0
2492,0,0
2493,8,8
2494,9,9
2495,1,1
2496,6,6
2497,7,7
2498,1,1
2499,0,0
2500,1,1
2501,9,9
2502,2,2
2503,6,6
2504,3,3
2505,9,9
2506,8,8
2507,1,1
2508,6,6
2509,4,4
2510,2,2
2511,1,1
2512,4,4
2513,6,6
2514,8,8
2515,4,4
2516,1,1
2517,6,6
2518,0,0
2519,6,6
2520,7,7
2521,4,4
2522,4,4
2523,8,8
2524,1,1
2525,4,4
2526,8,8
2527,0,0
2528,2,2
2529,0,0
2530,1,1
2531,2,2
2532,4,4
2533,2,2
2534,8,8
2535,3,3
2536,4,4
2537,3,3
2538,0,0
2539,5,5
2540,1,1
2541,2,2
2542,1,1
2543,7,7
2544,9,9
2545,6,6
2546,8,8
2547,0,0
2548,1,1
2549,3,3
2550,4,4
2551,8,8
2552,6,6
2553,2,2
2554,0,0
2555,1,1
2556,3,3
2557,5,5
2558,8,8
2559,9,9
2560,1,1
2561,2,2
2562,9,9
2563,1,1
2564,9,9
2565,5,5
2566,8,8
2567,7,7
2568,1,1
2569,3,3
2570,9,9
2571,5,5
2572,7,7
2573,8,8
2574,6,6
2575,4,4
2576,0,0
2577,8,8
2578,9,9
2579,3,3
2580,1,1
2581,7,7
2582,5,5
2583,2,2
2584,0,0
2585,4,4
2586,6,6
2587,4,4
2588,7,7
2589,3,3
2590,5,5
2591,9,9
2592,7,7
2593,7,7
2594,9,9
2595,0,0
2596,4,4
2597,9,9
2598,3,3
2599,6,6
2600,9,9
2601,8,8
2602,2,2
2603,0,0
2604,8,8
2605,9,9
2606,6,6
2607,9,9
2608,9,9
2609,7,7
2610,2,2
2611,2,2
2612,9,9
2613,5,5
2614,1,1
2615,9,9
2616,0,0
2617,6,6
2618,0,0
2619,7,7
2620,9,9
2621,4,4
2622,2,2
2623,2,2
2624,2,2
2625,2,2
2626,1,1
2627,0,0
2628,2,2
2629,4,4
2630,4,4
2631,7,7
2632,3,3
2633,9,9
2634,4,4
2635,7,7
2636,7,7
2637,9,9
2638,3,3
2639,8,8
2640,7,7
2641,8,8
2642,0,0
2643,2,2
2644,6,6
2645,4,4
2646,3,3
2647,9,9
2648,3,3
2649,7,7
2650,6,6
2651,2,2
2652,1,1
2653,4,4
2654,9,9
2655,4,4
2656,0,0
2657,2,2
2658,5,5
2659,1,1
2660,0,0
2661,1,1
2662,5,5
2663,2,2
2664,6,6
2665,3,3
2666,4,4
2667,1,1
2668,3,3
2669,0,0
2670,6,6
2671,0,0
2672,7,7
2673,9,9
2674,5,5
2675,1,1
2676,0,0
2677,1,1
2678,1,1
2679,0,0
2680,7,7
2681,0,0
2682,5,5
2683,0,0
2684,6,6
2685,9,9
2686,8,8
2687,3,3
2688,0,0
2689,5,5
2690,2,2
2691,3,3
2692,7,7
2693,8,8
2694,3,3
2695,9,9
2696,2,2
2697,6,6
2698,3,3
2699,4,4
2700,1,1
2701,8,8
2702,6,6
2703,7,7
2704,9,9
2705,0,0
2706,1,1
2707,3,3
2708,7,7
2709,2,2
2710,3,3
2711,1,1
2712,6,6
2713,8,8
2714,9,9
2715,8,8
2716,8,8
2717,4,4
2718,9,9
2719,7,7
2720,1,1
2721,9,9
2722,4,4
2723,7,7
2724,5,5
2725,6,6
2726,8,8
2727,2,2
2728,6,6
2729,0,0
2730,8,8
2731,4,4
2732,0,0
2733,2,2
2734,1,1
2735,7,7
2736,6,6
2737,5,5
2738,1,1
2739,8,8
2740,2,2
2741,0,0
2742,0,0
2743,4,4
2744,7,7
2745,9,9
2746,6,6
2747,3,3
2748,2,2
2749,5,5
2750,1,1
2751,8,8
2752,6,6
2753,8,8
2754,5,5
2755,6,6
2756,2,2
2757,9,9
2758,6,6
2759,9,9
2760,0,0
2761,5,5
2762,8,8
2763,2,2
2764,1,1
2765,0,0
2766,1,1
2767,0,0
2768,8,8
2769,9,9
2770,7,7
2771,1,1
2772,6,6
2773,5,5
2774,3,3
2775,2,2
2776,3,3
2777,7,7
2778,0,0
2779,3,3
2780,6,6
2781,4,4
2782,9,9
2783,0,0
2784,0,0
2785,8,8
2786,8,8
2787,3,3
2788,8,8
2789,9,9
2790,9,9
2791,6,6
2792,3,3
2793,9,9
2794,3,3
2795,6,6
2796,6,6
2797,2,2
2798,3,3
2799,0,0
2800,0,0
2801,8,8
2802,6,6
2803,7,7
2804,5,5
2805,8,8
2806,8,8
2807,3,3
2808,1,1
2809,2,2
2810,9,9
2811,1,1
2812,2,2
2813,5,5
2814,4,4
2815,3,3
2816,0,0
2817,1,1
2818,8,8
2819,0,0
2820,6,6
2821,6,6
2822,6,6
2823,7,7
2824,7,7
2825,1,1
2826,6,6
2827,3,3
2828,9,9
2829,4,4
2830,5,5
2831,7,7
2832,1,1
2833,9,9
2834,1,1
2835,6,6
2836,6,6
2837,9,9
2838,7,7
2839,1,1
2840,7,7
2841,2,2
2842,7,7
2843,8,8
2844,9,9
2845,3,3
2846,6,6
2847,9,9
2848,1,1
2849,1,1
2850,8,8
2851,4,4
2852,3,3
2853,7,7
2854,9,9
2855,0,0
2856,6,6
2857,7,7
2858,7,7
2859,0,0
2860,8,8
2861,0,0
2862,3,3
2863,4,4
2864,2,2
2865,7,7
2866,2,2
2867,0,0
2868,5,5
2869,4,4
2870,7,7
2871,6,6
2872,9,9
2873,8,8
2874,3,3
2875,8,8
2876,3,3
2877,8,8
2878,7,7
2879,6,6
2880,1,1
2881,3,3
2882,8,8
2883,5,5
2884,7,7
2885,0,0
2886,0,0
2887,3,3
2888,3,3
2889,9,9
2890,0,0
2891,4,4
2892,1,1
2893,2,2
2894,1,1
2895,4,4
2896,7,7
2897,8,8
2898,2,2
2899,8,8
2900,1,1
2901,2,2
2902,3,3
2903,6,6
2904,8,8
2905,1,1
2906,7,7
2907,3,3
2908,4,4
2909,8,8
2910,6,6
2911,1,1
2912,7,7
2913,0,0
2914,5,5
2915,2,2
2916,0,0
2917,1,1
2918,6,6
2919,1,1
2920,4,4
2921,9,9
2922,8,8
2923,6,6
2924,0,0
2925,2,2
2926,5,5
2927,9,9
2928,6,6
2929,0,0
2930,0,0
2931,1,1
2932,4,4
2933,7,7
2934,7,7
2935,4,4
2936,8,8
2937,7,7
2938,7,7
2939,2,2
2940,1,1
2941,4,4
2942,9,9
2943,9,9
2944,8,8
2945,0,0
2946,3,3
2947,1,1
2948,7,7
2949,1,1
2950,3,3
2951,4,4
2952,1,1
2953,0,0
2954,1,1
2955,7,7
2956,8,8
2957,8,8
2958,1,1
2959,5,5
2960,4,4
2961,4,4
2962,7,7
2963,2,2
2964,0,0
2965,4,4
2966,3,3
2967,7,7
2968,1,1
2969,3,3
2970,6,6
2971,4,4
2972,8,8
2973,0,0
2974,1,1
2975,0,0
2976,8,8
2977,0,0
2978,6,6
2979,7,7
2980,6,6
2981,6,6
2982,6,6
2983,8,8
2984,3,3
2985,4,4
2986,6,6
2987,7,7
2988,4,4
2989,4,4
2990,7,7
2991,7,7
2992,0,0
2993,3,3
2994,6,6
2995,1,1
2996,2,2
2997,0,0
2998,7,7
2999,8,8
3000,0,0
3001,3,3
3002,9,9
3003,4,4
3004,8,8
3005,6,6
3006,2,2
3007,6,6
3008,4,4
3009,4,4
3010,9,9
3011,8,8
3012,6,6
3013,7,7
3014,6,6
3015,2,2
3016,7,7
3017,4,4
3018,3,3
3019,9,9
3020,2,2
3021,2,2
3022,2,2
3023,7,7
3024,0,0
3025,2,2
3026,0,0
3027,7,7
3028,3,3
3029,0,0
3030,5,5
3031,1,1
3032,4,4
3033,1,1
3034,0,0
3035,1,1
3036,0,0
3037,9,9
3038,4,4
3039,4,4
3040,3,3
3041,4,4
3042,8,8
3043,2,2
3044,5,5
3045,3,3
3046,2,2
3047,7,7
3048,3,3
3049,7,7
3050,1,1
3051,3,3
3052,1,1
3053,9,9
3054,8,8
3055,8,8
3056,8,8
3057,5,5
3058,0,0
3059,5,5
3060,7,7
3061,5,5
3062,0,0
3063,5,5
3064,9,9
3065,3,3
3066,2,2
3067,5,5
3068,2,2
3069,4,4
3070,8,8
3071,5,5
3072,2,2
3073,1,1
3074,8,8
3075,4,4
3076,3,3
3077,6,6
3078,8,8
3079,4,4
3080,0,0
3081,1,1
3082,1,1
3083,4,4
3084,8,8
3085,5,5
3086,1,1
3087,0,0
3088,9,9
3089,4,4
3090,2,2
3091,3,3
3092,1,1
3093,0,0
3094,4,4
3095,6,6
3096,2,2
3097,4,4
3098,5,5
3099,9,9
3100,6,6
3101,9,9
3102,0,0
3103,2,2
3104,2,2
3105,7,7
3106,9,9
3107,9,9
3108,9,9
3109,6,6
3110,6,6
3111,2,2
3112,3,3
3113,6,6
3114,8,8
3115,3,3
3116,7,7
3117,2,2
3118,0,0
3119,3,3
3120,9,9
3121,2,2
3122,1,1
3123,2,2
3124,9,9
3125,5,5
3126,4,4
3127,8,8
3128,6,6
3129,5,5
3130,8,8
3131,7,7
3132,9,9
3133,9,9
3134,5,5
3135,9,9
3136,7,7
3137,1,1
3138,0,0
3139,4,4
3140,2,2
3141,1,1
3142,7,7
3143,7,7
3144,4,4
3145,4,4
3146,0,0
3147,1,1
3148,1,1
3149,4,4
3150,0,0
3151,5,5
3152,6,6
3153,0,0
3154,6,6
3155,3,3
3156,7,7
3157,5,5
3158,0,0
3159,1,1
3160,4,4
3161,4,4
3162,4,4
3163,4,4
3164,0,0
3165,1,1
3166,7,7
3167,5,5
3168,7,7
3169,4,4
3170,4,4
3171,8,8
3172,6,6
3173,4,4
3174,4,4
3175,2,2
3176,0,0
3177,0,0
3178,3,3
3179,7,7
3180,6,6
3181,3,3
3182,8,8
3183,3,3
3184,1,1
3185,5,5
3186,7,7
3187,5,5
3188,7,7
3189,9,9
3190,6,6
3191,3,3
3192,1,1
3193,2,2
3194,8,8
3195,2,2
3196,3,3
3197,8,8
3198,3,3
3199,4,4
3200,7,7
3201,6,6
3202,7,7
3203,9,9
3204,6,6
3205,9,9
3206,8,8
3207,1,1
3208,2,2
3209,0,0
3210,7,7
3211,7,7
3212,7,7
3213,0,0
3214,1,1
3215,6,6
3216,1,1
3217,1,1
3218,4,4
3219,5,5
3220,0,0
3221,2,2
3222,9,9
3223,5,5
3224,3,3
3225,5,5
3226,6,6
3227,8,8
3228,5,5
3229,4,4
3230,6,6
3231,3,3
3232,8,8
3233,4,4
3234,2,2
3235,9,9
3236,2,2
3237,2,2
3238,4,4
3239,2,2
3240,4,4
3241,5,5
3242,0,0
3243,7,7
3244,9,9
3245,5,5
3246,8,8
3247,9,9
3248,6,6
3249,0,0
3250,5,5
3251,9,9
3252,1,1
3253,6,6
3254,0,0
3255,5,5
3256,6,6
3257,2,2
3258,7,7
3259,2,2
3260,6,6
3261,9,9
3262,9,9
3263,4,4
3264,4,4
3265,0,0
3266,8,8
3267,2,2
3268,0,0
3269,3,3
3270,8,8
3271,2,2
3272,4,4
3273,6,6
3274,9,9
3275,3,3
3276,7,7
3277,9,9
3278,5,5
3279,7,7
3280,7,7
3281,6,6
3282,5,5
3283,5,5
3284,8,8
3285,6,6
3286,8,8
3287,8,8
3288,6,6
3289,9,9
3290,0,0
3291,5,5
3292,9,9
3293,7,7
3294,5,5
3295,8,8
3296,2,2
3297,4,4
3298,7,7
3299,6,6
3300,0,0
3301,6,6
3302,6,6
3303,5,5
3304,8,8
3305,1,1
3306,0,0
3307,2,2
3308,9,9
3309,0,0
3310,9,9
3311,9,9
3312,2,2
3313,6,6
3314,1,1
3315,4,4
3316,1,1
3317,9,9
3318,8,8
3319,1,1
3320,0,0
3321,4,4
3322,2,2
3323,0,0
3324,8,8
3325,9,9
3326,1,1
3327,9,9
3328,7,7
3329,6,6
3330,0,0
3331,5,5
3332,3,3
3333,2,2
3334,8,8
3335,9,9
3336,0,0
3337,7,7
3338,1,1
3339,0,0
3340,0,0
3341,8,8
3342,5,5
3343,9,9
3344,6,6
3345,2,2
3346,6,6
3347,8,8
3348,2,2
3349,6,6
3350,5,5
3351,1,1
3352,7,7
3353,3,3
3354,4,4
3355,5,5
3356,3,3
3357,7,7
3358,5,5
3359,9,9
3360,2,2
3361,1,1
3362,8,8
3363,5,5
3364,4,4
3365,1,1
3366,0,0
3367,2,2
3368,1,1
3369,3,3
3370,8,8
3371,5,5
3372,3,3
3373,8,8
3374,1,1
3375,0,0
3376,1,1
3377,6,6
3378,7,7
3379,3,3
3380,2,2
3381,5,5
3382,4,4
3383,1,1
3384,3,3
3385,3,3
3386,5,5
3387,2,2
3388,9,9
3389,6,6
3390,6,6
3391,9,9
3392,5,5
3393,2,2
3394,8,8
3395,6,6
3396,0,0
3397,2,2
3398,4,4
3399,8,8
3400,5,5
3401,4,4
3402,4,4
3403,4,4
3404,6,6
3405,0,0
3406,9,9
3407,0,0
3408,7,7
3409,1,1
3410,4,4
3411,9,9
3412,8,8
3413,3,3
3414,7,7
3415,6,6
3416,1,1
3417,0,0
3418,3,3
3419,1,1
3420,3,3
3421,9,9
3422,9,9
3423,1,1
3424,6,6
3425,7,7
3426,9,9
3427,9,9
3428,3,3
3429,9,9
3430,4,4
3431,7,7
3432,4,4
3433,9,9
3434,9,9
3435,3,3
3436,5,5
3437,8,8
3438,6,6
3439,9,9
3440,4,4
3441,6,6
3442,1,1
3443,1,1
3444,2,2
3445,1,1
3446,4,4
3447,3,3
3448,9,9
3449,7,7
3450,0,0
3451,9,9
3452,5,5
3453,7,7
3454,7,7
3455,2,2
3456,0,0
3457,9,9
3458,3,3
3459,6,6
3460,1,1
3461,3,3
3462,2,2
3463,7,7
3464,2,2
3465,1,1
3466,5,5
3467,5,5
3468,9,9
3469,0,0
3470,3,3
3471,2,2
3472,2,2
3473,1,1
3474,5,5
3475,4,4
3476,1,1
3477,4,4
3478,5,5
3479,5,5
3480,3,3
3481,5,5
3482,1,1
3483,0,0
3484,1,1
3485,6,6
3486,2,2
3487,0,0
3488,6,6
3489,1,1
3490,1,1
3491,4,4
3492,8,8
3493,6,6
3494,3,3
3495,0,0
3496,3,3
3497,3,3
3498,7,7
3499,9,9
3500,8,8
3501,4,4
3502,0,0
3503,4,4
3504,3,3
3505,6,6
3506,5,5
3507,7,7
3508,8,8
3509,4,4
3510,8,8
3511,9,9
3512,8,8
3513,1,1
3514,1,1
3515,1,1
3516,9,9
3517,3,3
3518,6,6
3519,7,7
3520,3,3
3521,6,6
3522,9,9
3523,1,1
3524,0,0
3525,3,3
3526,1,1
3527,6,6
3528,4,4
3529,7,7
3530,8,8
3531,7,7
3532,5,5
3533,0,0
3534,1,1
3535,6,6
3536,3,3
3537,1,1
3538,5,5
3539,0,0
3540,7,7
3541,1,1
3542,9,9
3543,0,0
3544,4,4
3545,2,2
3546,8,8
3547,2,2
3548,8,8
3549,3,3
3550,3,3
3551,2,2
3552,4,4
3553,6,6
3554,2,2
3555,7,7
3556,5,5
3557,8,8
3558,1,1
3559,8,8
3560,2,2
3561,3,3
3562,5,5
3563,3,3
3564,9,9
3565,3,3
3566,6,6
3567,7,7
3568,2,2
3569,9,9
3570,4,4
3571,2,2
3572,2,2
3573,4,4
3574,1,1
3575,9,9
3576,2,2
3577,7,7
3578,5,5
3579,5,5
3580,5,5
3581,1,1
3582,0,0
3583,8,8
3584,0,0
3585,6,6
3586,2,2
3587,1,1
3588,9,9
3589,2,2
3590,4,4
3591,3,3
3592,1,1
3593,1,1
3594,0,0
3595,9,9
3596,4,4
3597,7,7
3598,8,8
3599,7,7
3600,4,4
3601,4,4
3602,9,9
3603,1,1
3604,2,2
3605,5,5
3606,6,6
3607,1,1
3608,6,6
3609,5,5
3610,9,9
3611,4,4
3612,1,1
3613,3,3
3614,8,8
3615,7,7
3616,8,8
3617,5,5
3618,0,0
3619,0,0
3620,0,0
3621,8,8
3622,2,2
3623,5,5
3624,7,7
3625,8,8
3626,0,0
3627,6,6
3628,9,9
3629,2,2
3630,6,6
3631,3,3
3632,8,8
3633,3,3
3634,3,3
3635,9,9
3636,6,6
3637,9,9
3638,3,3
3639,1,1
3640,7,7
3641,7,7
3642,0,0
3643,2,2
3644,2,2
3645,5,5
3646,8,8
3647,0,0
3648,3,3
3649,4,4
3650,0,0
3651,8,8
3652,6,6
3653,3,3
3654,7,7
3655,2,2
3656,4,4
3657,2,2
3658,9,9
3659,0,0
3660,6,6
3661,5,5
3662,6,6
3663,1,1
3664,1,1
3665,5,5
3666,7,7
3667,6,6
3668,2,2
3669,5,5
3670,8,8
3671,3,3
3672,6,6
3673,4,4
3674,1,1
3675,6,6
3676,5,5
3677,1,1
3678,6,6
3679,7,7
3680,0,0
3681,9,9
3682,1,1
3683,9,9
3684,7,7
3685,6,6
3686,9,9
3687,4,4
3688,4,4
3689,7,7
3690,8,8
3691,5,5
3692,4,4
3693,8,8
3694,6,6
3695,6,6
3696,6,6
3697,0,0
3698,6,6
3699,2,2
3700,6,6
3701,0,0
3702,0,0
3703,7,7
3704,6,6
3705,8,8
3706,7,7
3707,2,2
3708,0,0
3709,6,6
3710,4,4
3711,3,3
3712,9,9
3713,7,7
3714,5,5
3715,7,7
3716,1,1
3717,4,4
3718,7,7
3719,6,6
3720,3,3
3721,5,5
3722,5,5
3723,9,9
3724,2,2
3725,1,1
3726,3,3
3727,7,7
3728,0,0
3729,3,3
3730,0,0
3731,6,6
3732,5,5
3733,1,1
3734,5,5
3735,9,9
3736,3,3
3737,1,1
3738,7,7
3739,9,9
3740,7,7
3741,0,0
3742,5,5
3743,6,6
3744,7,7
3745,2,2
3746,8,8
3747,8,8
3748,6,6
3749,7,7
3750,7,7
3751,7,7
3752,9,9
3753,3,3
3754,0,0
3755,4,4
3756,0,0
3757,3,3
3758,7,7
3759,8,8
3760,4,4
3761,9,9
3762,7,7
3763,1,1
3764,5,5
3765,3,3
3766,0,0
3767,6,6
3768,9,9
3769,0,0
3770,8,8
3771,2,2
3772,3,3
3773,3,3
3774,6,6
3775,3,3
3776,3,3
3777,0,0
3778,6,6
3779,3,3
3780,1,1
3781,5,5
3782,3,3
3783,7,7
3784,3,3
3785,2,2
3786,2,2
3787,2,2
3788,9,9
3789,5,5
3790,0,0
3791,1,1
3792,6,6
3793,5,5
3794,0,0
3795,5,5
3796,6,6
3797,5,5
3798,5,5
3799,6,6
3800,9,9
3801,0,0
3802,0,0
3803,1,1
3804,6,6
3805,2,2
3806,7,7
3807,7,7
3808,8,8
3809,0,0
3810,9,9
3811,0,0
3812,6,6
3813,0,0
3814,6,6
3815,9,9
3816,2,2
3817,9,9
3818,1,1
3819,2,2
3820,1,1
3821,8,8
3822,0,0
3823,3,3
3824,1,1
3825,4,4
3826,7,7
3827,5,5
3828,1,1
3829,9,9
3830,3,3
3831,3,3
3832,2,2
3833,6,6
3834,7,7
3835,7,7
3836,3,3
3837,4,4
3838,3,3
3839,3,3
3840,8,8
3841,0,0
3842,4,4
3843,3,3
3844,5,5
3845,0,0
3846,8,8
3847,9,9
3848,0,0
3849,7,7
3850,8,8
3851,1,1
3852,0,0
3853,8,8
3854,1,1
3855,1,1
3856,2,2
3857,3,3
3858,7,7
3859,5,5
3860,4,4
3861,7,7
3862,7,7
3863,1,1
3864,9,9
3865,6,6
3866,8,8
3867,5,5
3868,3,3
3869,2,2
3870,1,1
3871,1,1
3872,8,8
3873,7,7
3874,5,5
3875,5,5
3876,7,7
3877,3,3
3878,0,0
3879,7,7
3880,1,1
3881,2,2
3882,1,1
3883,3,3
3884,0,0
3885,8,8
3886,0,0
3887,7,7
3888,9,9
3889,5,5
3890,7,7
3891,4,4
3892,3,3
3893,1,1
3894,8,8
3895,7,7
3896,9,9
3897,6,6
3898,8,8
3899,3,3
3900,7,7
3901,7,7
3902,3,3
3903,9,9
3904,9,9
3905,0,0
3906,0,0
3907,9,9
3908,4,4
3909,8,8
3910,5,5
3911,1,1
3912,2,2
3913,4,4
3914,7,7
3915,0,0
3916,6,6
3917,4,4
3918,1,1
3919,2,2
3920,1,1
3921,4,4
3922,9,9
3923,9,9
3924,3,3
3925,4,4
3926,7,7
3927,4,4
3928,4,4
3929,1,1
3930,5,5
3931,3,3
3932,2,2
3933,0,0
3934,9,9
3935,6,6
3936,2,2
3937,9,9
3938,9,9
3939,1,1
3940,8,8
3941,9,9
3942,1,1
3943,2,2
3944,1,1
3945,8,8
3946,3,3
3947,2,2
3948,7,7
3949,9,9
3950,0,0
3951,2,2
3952,9,9
3953,6,6
3954,3,3
3955,8,8
3956,3,3
3957,6,6
3958,7,7
3959,1,1
3960,7,7
3961,1,1
3962,7,7
3963,8,8
3964,7,7
3965,6,6
3966,2,2
3967,2,2
3968,2,2
3969,7,7
3970,1,1
3971,9,9
3972,0,0
3973,1,1
3974,7,7
3975,3,3
3976,1,1
3977,1,1
3978,7,7
3979,2,2
3980,1,1
3981,8,8
3982,3,3
3983,6,6
3984,8,8
3985,9,9
3986,2,2
3987,9,9
3988,4,4
3989,2,2
3990,2,2
3991,1,1
3992,2,2
3993,4,4
3994,9,9
3995,5,5
3996,7,7
3997,8,8
3998,3,3
3999,8,8
4000,2,2
4001,3,3
4002,6,6
4003,4,4
4004,1,1
4005,0,0
4006,2,2
4007,7,7
4008,9,9
4009,6,6
4010,6,6
4011,0,0
4012,1,1
4013,9,9
4014,9,9
4015,4,4
4016,1,1
4017,8,8
4018,1,1
4019,3,3
4020,4,4
4021,7,7
4022,0,0
4023,9,9
4024,7,7
4025,4,4
4026,2,2
4027,8,8
4028,1,1
4029,6,6
4030,4,4
4031,1,1
4032,7,7
4033,2,2
4034,8,8
4035,2,2
4036,2,2
4037,9,9
4038,6,6
4039,1,1
4040,0,0
4041,4,4
4042,8,8
4043,8,8
4044,0,0
4045,7,7
4046,8,8
4047,4,4
4048,1,1
4049,7,7
4050,0,0
4051,2,2
4052,3,3
4053,3,3
4054,2,2
4055,7,7
4056,2,2
4057,9,9
4058,2,2
4059,4,4
4060,3,3
4061,2,2
4062,2,2
4063,8,8
4064,6,6
4065,5,5
4066,2,2
4067,3,3
4068,5,5
4069,7,7
4070,0,0
4071,6,6
4072,1,1
4073,7,7
4074,7,7
4075,3,3
4076,3,3
4077,9,9
4078,0,0
4079,4,4
4080,8,8
4081,5,5
4082,8,8
4083,0,0
4084,8,8
4085,0,0
4086,2,2
4087,2,2
4088,3,3
4089,9,9
4090,1,1
4091,3,3
4092,0,0
4093,2,2
4094,9,9
4095,1,1
4096,6,6
4097,4,4
4098,0,0
4099,8,8
4100,0,0
4101,6,6
4102,4,4
4103,1,1
4104,6,6
4105,4,4
4106,1,1
4107,2,2
4108,2,2
4109,0,0
4110,1,1
4111,0,0
4112,1,1
4113,2,2
4114,4,4
4115,8,8
4116,2,2
4117,8,8
4118,2,2
4119,6,6
4120,5,5
4121,5,5
4122,7,7
4123,9,9
4124,5,5
4125,9,9
4126,4,4
4127,8,8
4128,6,6
4129,4,4
4130,9,9
4131,9,9
4132,1,1
4133,4,4
4134,9,9
4135,7,7
4136,6,6
4137,5,5
4138,1,1
4139,7,7
4140,5,5
4141,9,9
4142,0,0
4143,2,2
4144,4,4
4145,6,6
4146,4,4
4147,1,1
4148,4,4
4149,5,5
4150,7,7
4151,1,1
4152,5,5
4153,4,4
4154,5,5
4155,5,5
4156,4,4
4157,9,9
4158,6,6
4159,1,1
4160,9,9
4161,1,1
4162,5,5
4163,1,1
4164,9,9
4165,7,7
4166,8,8
4167,2,2
4168,3,3
4169,8,8
4170,6,6
4171,3,3
4172,4,4
4173,6,6
4174,9,9
4175,9,9
4176,0,0
4177,8,8
4178,7,7
4179,3,3
4180,4,4
4181,1,1
4182,0,0
4183,3,3
4184,5,5
4185,3,3
4186,0,0
4187,1,1
4188,7,7
4189,6,6
4190,8,8
4191,1,1
4192,4,4
4193,3,3
4194,5,5
4195,6,6
4196,7,7
4197,4,4
4198,9,9
4199,2,2
4200,5,5
4201,0,0
4202,1,1
4203,7,7
4204,6,6
4205,1,1
4206,7,7
4207,6,6
4208,4,4
4209,3,3
4210,5,5
4211,1,1
4212,1,1
4213,9,9
4214,0,0
4215,8,8
4216,5,5
4217,7,7
4218,0,0
4219,7,7
4220,2,2
4221,7,7
4222,7,7
4223,1,1
4224,4,4
4225,3,3
4226,3,3
4227,0,0
4228,1,1
4229,7,7
4230,9,9
4231,5,5
4232,8,8
4233,4,4
4234,7,7
4235,1,1
4236,0,0
4237,7,7
4238,8,8
4239,8,8
4240,7,7
4241,3,3
4242,5,5
4243,2,2
4244,3,3
4245,5,5
4246,5,5
4247,7,7
4248,4,4
4249,1,1
4250,7,7
4251,4,4
4252,7,7
4253,1,1
4254,6,6
4255,0,0
4256,8,8
4257,3,3
4258,0,0
4259,6,6
4260,4,4
4261,9,9
4262,1,1
4263,7,7
4264,5,5
4265,2,2
4266,1,1
4267,7,7
4268,6,6
4269,5,5
4270,4,4
4271,4,4
4272,7,7
4273,8,8
4274,9,9
4275,6,6
4276,6,6
4277,9,9
4278,6,6
4279,9,9
4280,1,1
4281,4,4
4282,1,1
4283,4,4
4284,0,0
4285,7,7
4286,2,2
4287,2,2
4288,4,4
4289,1,1
4290,9,9
4291,7,7
4292,3,3
4293,0,0
4294,3,3
4295,2,2
4296,8,8
4297,0,0
4298,7,7
4299,7,7
4300,6,6
4301,1,1
4302,7,7
4303,5,5
4304,5,5
4305,1,1
4306,5,5
4307,8,8
4308,1,1
4309,6,6
4310,0,0
4311,4,4
4312,9,9
4313,0,0
4314,2,2
4315,5,5
4316,1,1
4317,8,8
4318,0,0
4319,5,5
4320,0,0
4321,0,0
4322,1,1
4323,1,1
4324,2,2
4325,5,5
4326,3,3
4327,7,7
4328,3,3
4329,6,6
4330,8,8
4331,3,3
4332,2,2
4333,6,6
4334,2,2
4335,4,4
4336,9,9
4337,1,1
4338,3,3
4339,7,7
4340,6,6
4341,2,2
4342,1,1
4343,5,5
4344,6,6
4345,7,7
4346,1,1
4347,9,9
4348,4,4
4349,5,5
4350,7,7
4351,1,1
4352,2,2
4353,6,6
4354,9,9
4355,0,0
4356,9,9
4357,0,0
4358,7,7
4359,2,2
4360,5,5
4361,4,4
4362,0,0
4363,4,4
4364,1,1
4365,4,4
4366,5,5
4367,6,6
4368,0,0
4369,9,9
4370,0,0
4371,1,1
4372,3,3
4373,8,8
4374,7,7
4375,4,4
4376,3,3
4377,8,8
4378,9,9
4379,6,6
4380,9,9
4381,2,2
4382,3,3
4383,9,9
4384,8,8
4385,2,2
4386,5,5
4387,2,2
4388,0,0
4389,8,8
4390,3,3
4391,3,3
4392,7,7
4393,0,0
4394,2,2
4395,3,3
4396,8,8
4397,4,4
4398,9,9
4399,7,7
4400,0,0
4401,5,5
4402,7,7
4403,2,2
4404,9,9
4405,8,8
4406,5,5
4407,5,5
4408,4,4
4409,8,8
4410,5,5
4411,5,5
4412,1,1
4413,5,5
4414,7,7
4415,7,7
4416,1,1
4417,5,5
4418,2,2
4419,3,3
4420,2,2
4421,1,1
4422,0,0
4423,8,8
4424,1,1
4425,1,1
4426,3,3
4427,8,8
4428,9,9
4429,1,1
4430,4,4
4431,5,5
4432,8,8
4433,6,6
4434,1,1
4435,5,5
4436,9,9
4437,5,5
4438,5,5
4439,7,7
4440,7,7
4441,3,3
4442,7,7
4443,1,1
4444,0,0
4445,9,9
4446,3,3
4447,3,3
4448,5,5
4449,5,5
4450,9,9
4451,7,7
4452,4,4
4453,9,9
4454,1,1
4455,4,4
4456,5,5
4457,0,0
4458,2,2
4459,0,0
4460,1,1
4461,0,0
4462,1,1
4463,4,4
4464,7,7
4465,8,8
4466,9,9
4467,8,8
4468,6,6
4469,6,6
4470,3,3
4471,1,1
4472,1,1
4473,9,9
4474,9,9
4475,9,9
4476,8,8
4477,7,7
4478,0,0
4479,4,4
4480,3,3
4481,5,5
4482,0,0
4483,2,2
4484,8,8
4485,6,6
4486,1,1
4487,6,6
4488,9,9
4489,5,5
4490,1,1
4491,4,4
4492,3,3
4493,3,3
4494,5,5
4495,1,1
4496,7,7
4497,9,9
4498,5,5
4499,8,8
4500,3,3
4501,1,1
4502,5,5
4503,7,7
4504,8,8
4505,6,6
4506,9,9
4507,2,2
4508,8,8
4509,0,0
4510,5,5
4511,4,4
4512,5,5
4513,2,2
4514,7,7
4515,1,1
4516,1,1
4517,1,1
4518,8,8
4519,7,7
4520,4,4
4521,2,2
4522,7,7
4523,7,7
4524,9,9
4525,7,7
4526,7,7
4527,1,1
4528,8,8
4529,3,3
4530,2,2
4531,3,3
4532,4,4
4533,4,4
4534,7,7
4535,5,5
4536,5,5
4537,1,1
4538,9,9
4539,9,9
4540,7,7
4541,8,8
4542,7,7
4543,9,9
4544,6,6
4545,1,1
4546,9,9
4547,5,5
4548,1,1
4549,5,5
4550,9,9
4551,8,8
4552,2,2
4553,6,6
4554,5,5
4555,8,8
4556,0,0
4557,3,3
4558,1,1
4559,7,7
4560,4,4
4561,1,1
4562,5,5
4563,5,5
4564,1,1
4565,1,1
4566,9,9
4567,7,7
4568,4,4
4569,3,3
4570,3,3
4571,1,1
4572,6,6
4573,0,0
4574,5,5
4575,1,1
4576,8,8
4577,9,9
4578,1,1
4579,2,2
4580,6,6
4581,9,9
4582,6,6
4583,2,2
4584,0,0
4585,9,9
4586,2,2
4587,9,9
4588,5,5
4589,6,6
4590,1,1
4591,6,6
4592,1,1
4593,3,3
4594,3,3
4595,1,1
4596,9,9
4597,4,4
4598,2,2
4599,6,6
4600,5,5
4601,7,7
4602,9,9
4603,3,3
4604,6,6
4605,7,7
4606,0,0
4607,5,5
4608,1,1
4609,4,4
4610,9,9
4611,8,8
4612,0,0
4613,3,3
4614,4,4
4615,0,0
4616,3,3
4617,3,3
4618,0,0
4619,1,1
4620,9,9
4621,7,7
4622,0,0
4623,3,3
4624,2,2
4625,9,9
4626,4,4
4627,1,1
4628,9,9
4629,4,4
4630,7,7
4631,5,5
4632,3,3
4633,6,6
4634,4,4
4635,2,2
4636,6,6
4637,1,1
4638,9,9
4639,9,9
4640,8,8
4641,1,1
4642,9,9
4643,5,5
4644,6,6
4645,0,0
4646,2,2
4647,8,8
4648,4,4
4649,2,2
4650,8,8
4651,8,8
4652,1,1
4653,1,1
4654,1,1
4655,4,4
4656,1,1
4657,5,5
4658,8,8
4659,7,7
4660,8,8
4661,0,0
4662,6,6
4663,4,4
4664,4,4
4665,4,4
4666,3,3
4667,1,1
4668,5,5
4669,0,0
4670,9,9
4671,4,4
4672,8,8
4673,5,5
4674,3,3
4675,2,2
4676,8,8
4677,1,1
4678,0,0
4679,1,1
4680,6,6
4681,9,9
4682,2,2
4683,1,1
4684,3,3
4685,4,4
4686,4,4
4687,7,7
4688,3,3
4689,5,5
4690,8,8
4691,1,1
4692,9,9
4693,7,7
4694,1,1
4695,2,2
4696,7,7
4697,2,2
4698,4,4
4699,7,7
4700,1,1
4701,3,3
4702,0,0
4703,4,4
4704,5,5
4705,4,4
4706,1,1
4707,7,7
4708,2,2
4709,2,2
4710,2,2
4711,4,4
4712,6,6
4713,6,6
4714,3,3
4715,1,1
4716,0,0
4717,9,9
4718,1,1
4719,4,4
4720,7,7
4721,3,3
4722,6,6
4723,1,1
4724,3,3
4725,2,2
4726,4,4
4727,7,7
4728,3,3
4729,8,8
4730,1,1
4731,9,9
4732,7,7
4733,0,0
4734,7,7
4735,1,1
4736,0,0
4737,4,4
4738,8,8
4739,7,7
4740,6,6
4741,9,9
4742,6,6
4743,1,1
4744,5,5
4745,8,8
4746,8,8
4747,1,1
4748,3,3
4749,5,5
4750,0,0
4751,6,6
4752,3,3
4753,9,9
4754,4,4
4755,1,1
4756,0,0
4757,2,2
4758,4,4
4759,9,9
4760,3,3
4761,1,1
4762,7,7
4763,5,5
4764,6,6
4765,0,0
4766,1,1
4767,3,3
4768,4,4
4769,9,9
4770,9,9
4771,0,0
4772,2,2
4773,8,8
4774,1,1
4775,3,3
4776,1,1
4777,6,6
4778,5,5
4779,4,4
4780,8,8
4781,0,0
4782,1,1
4783,2,2
4784,4,4
4785,1,1
4786,1,1
4787,2,2
4788,8,8
4789,2,2
4790,4,4
4791,5,5
4792,0,0
4793,7,7
4794,0,0
4795,1,1
4796,2,2
4797,0,0
4798,6,6
4799,8,8
4800,3,3
4801,3,3
4802,3,3
4803,7,7
4804,5,5
4805,0,0
4806,1,1
4807,9,9
4808,4,4
4809,3,3
4810,9,9
4811,6,6
4812,3,3
4813,5,5
4814,1,1
4815,6,6
4816,0,0
4817,8,8
4818,9,9
4819,7,7
4820,5,5
4821,0,0
4822,0,0
4823,7,7
4824,4,4
4825,6,6
4826,7,7
4827,0,0
4828,3,3
4829,5,5
4830,0,0
4831,0,0
4832,4,4
4833,8,8
4834,9,9
4835,9,9
4836,1,1
4837,1,1
4838,6,6
4839,8,8
4840,7,7
4841,8,8
4842,8,8
4843,9,9
4844,7,7
4845,5,5
4846,9,9
4847,3,3
4848,3,3
4849,0,0
4850,8,8
4851,7,7
4852,1,1
4853,9,9
4854,6,6
4855,7,7
4856,8,8
4857,1,1
4858,4,4
4859,4,4
4860,9,9
4861,6,6
4862,9,9
4863,0,0
4864,7,7
4865,3,3
4866,1,1
4867,4,4
4868,3,3
4869,3,3
4870,8,8
4871,1,1
4872,7,7
4873,8,8
4874,4,4
4875,0,0
4876,2,2
4877,3,3
4878,8,8
4879,4,4
4880,7,7
4881,7,7
4882,2,2
4883,4,4
4884,3,3
4885,5,5
4886,5,5
4887,4,4
4888,2,2
4889,5,5
4890,9,9
4891,0,0
4892,4,4
4893,3,3
4894,3,3
4895,6,6
4896,3,3
4897,4,4
4898,2,2
4899,7,7
4900,4,4
4901,0,0
4902,5,5
4903,5,5
4904,2,2
4905,3,3
4906,7,7
4907,1,1
4908,0,0
4909,5,5
4910,9,9
4911,9,9
4912,2,2
4913,1,1
4914,7,7
4915,8,8
4916,1,1
4917,7,7
4918,2,2
4919,5,5
4920,0,0
4921,2,2
4922,3,3
4923,7,7
4924,7,7
4925,0,0
4926,3,3
4927,6,6
4928,7,7
4929,6,6
4930,2,2
4931,9,9
4932,2,2
4933,1,1
4934,8,8
4935,9,9
4936,7,7
4937,6,6
4938,7,7
4939,5,5
4940,6,6
4941,9,9
4942,8,8
4943,2,2
4944,6,6
4945,9,9
4946,1,1
4947,1,1
4948,2,2
4949,0,0
4950,8,8
4951,1,1
4952,4,4
4953,6,6
4954,1,1
4955,3,3
4956,5,5
4957,2,2
4958,0,0
4959,4,4
4960,9,9
4961,5,5
4962,9,9
4963,2,2
4964,7,7
4965,0,0
4966,8,8
4967,0,0
4968,6,6
4969,1,1
4970,1,1
4971,7,7
4972,5,5
4973,9,9
4974,1,1
4975,4,4
4976,9,9
4977,5,5
4978,2,2
4979,5,5
4980,6,6
4981,0,0
4982,4,4
4983,1,1
4984,0,0
4985,9,9
4986,7,7
4987,4,4
4988,2,2
4989,3,3
4990,3,3
4991,1,1
4992,4,4
4993,1,1
4994,6,6
4995,8,8
4996,9,9
4997,2,2
4998,4,4
4999,5,5
5000,7,7
5001,3,3
5002,0,0
5003,6,6
5004,7,7
5005,4,4
5006,5,5
5007,4,4
5008,9,9
5009,2,2
5010,6,6
5011,7,7
5012,4,4
5013,3,3
5014,1,1
5015,2,2
5016,1,1
5017,0,0
5018,1,1
5019,8,8
5020,3,3
5021,6,6
5022,2,2
5023,7,7
5024,2,2
5025,6,6
5026,8,8
5027,8,8
5028,9,9
5029,3,3
5030,4,4
5031,4,4
5032,9,9
5033,9,9
5034,7,7
5035,6,6
5036,1,1
5037,3,3
5038,5,5
5039,0,0
5040,1,1
5041,7,7
5042,9,9
5043,7,7
5044,2,2
5045,2,2
5046,2,2
5047,8,8
5048,9,9
5049,8,8
5050,2,2
5051,4,4
5052,4,4
5053,6,6
5054,2,2
5055,6,6
5056,9,9
5057,5,5
5058,5,5
5059,6,6
5060,0,0
5061,1,1
5062,5,5
5063,3,3
5064,4,4
5065,8,8
5066,8,8
5067,4,4
5068,2,2
5069,1,1
5070,1,1
5071,0,0
5072,2,2
5073,6,6
5074,1,1
5075,3,3
5076,5,5
5077,9,9
5078,7,7
5079,7,7
5080,6,6
5081,0,0
5082,3,3
5083,1,1
5084,4,4
5085,7,7
5086,8,8
5087,5,5
5088,9,9
5089,1,1
5090,9,9
5091,3,3
5092,8,8
5093,4,4
5094,0,0
5095,4,4
5096,8,8
5097,7,7
5098,0,0
5099,2,2
5100,3,3
5101,7,7
5102,0,0
5103,6,6
5104,9,9
5105,1,1
5106,4,4
5107,4,4
5108,1,1
5109,1,1
5110,2,2
5111,0,0
5112,7,7
5113,0,0
5114,9,9
5115,0,0
5116,3,3
5117,9,9
5118,6,6
5119,8,8
5120,9,9
5121,4,4
5122,3,3
5123,7,7
5124,5,5
5125,9,9
5126,3,3
5127,6,6
5128,5,5
5129,2,2
5130,2,2
5131,9,9
5132,8,8
5133,5,5
5134,3,3
5135,4,4
5136,7,7
5137,9,9
5138,5,5
5139,9,9
5140,8,8
5141,7,7
5142,3,3
5143,5,5
5144,8,8
5145,7,7
5146,3,3
5147,8,8
5148,2,2
5149,6,6
5150,5,5
5151,6,6
5152,3,3
5153,8,8
5154,7,7
5155,0,0
5156,1,1
5157,6,6
5158,1,1
5159,2,2
5160,4,4
5161,4,4
5162,4,4
5163,5,5
5164,7,7
5165,9,9
5166,7,7
5167,8,8
5168,9,9
5169,1,1
5170,2,2
5171,2,2
5172,8,8
5173,6,6
5174,6,6
5175,9,9
5176,7,7
5177,9,9
5178,5,5
5179,4,4
5180,4,4
5181,4,4
5182,7,7
5183,9,9
5184,2,2
5185,2,2
5186,2,2
5187,4,4
5188,1,1
5189,3,3
5190,1,1
5191,8,8
5192,8,8
5193,2,2
5194,6,6
5195,9,9
5196,7,7
5197,3,3
5198,0,0
5199,4,4
5200,7,7
5201,8,8
5202,2,2
5203,7,7
5204,1,1
5205,5,5
5206,7,7
5207,4,4
5208,1,1
5209,3,3
5210,3,3
5211,6,6
5212,3,3
5213,6,6
5214,4,4
5215,9,9
5216,5,5
5217,8,8
5218,8,8
5219,1,1
5220,2,2
5221,2,2
5222,9,9
5223,6,6
5224,2,2
5225,1,1
5226,0,0
5227,0,0
5228,6,6
5229,5,5
5230,7,7
5231,0,0
5232,3,3
5233,7,7
5234,2,2
5235,3,3
5236,3,3
5237,1,1
5238,3,3
5239,6,6
5240,1,1
5241,0,0
5242,3,3
5243,3,3
5244,9,9
5245,7,7
5246,2,2
5247,4,4
5248,7,7
5249,8,8
5250,9,9
5251,8,8
5252,5,5
5253,2,2
5254,7,7
5255,0,0
5256,4,4
5257,5,5
5258,3,3
5259,1,1
5260,5,5
5261,9,9
5262,9,9
5263,3,3
5264,2,2
5265,8,8
5266,1,1
5267,2,2
5268,0,0
5269,0,0
5270,0,0
5271,2,2
5272,7,7
5273,2,2
5274,4,4
5275,1,1
5276,0,0
5277,1,1
5278,1,1
5279,7,7
5280,8,8
5281,4,4
5282,7,7
5283,1,1
5284,9,9
5285,0,0
5286,3,3
5287,6,6
5288,8,8
5289,7,7
5290,8,8
5291,4,4
5292,3,3
5293,6,6
5294,8,8
5295,3,3
5296,7,7
5297,0,0
5298,2,2
5299,3,3
5300,0,0
5301,2,2
5302,7,7
5303,8,8
5304,0,0
5305,0,0
5306,4,4
5307,8,8
5308,1,1
5309,3,3
5310,6,6
5311,4,4
5312,4,4
5313,6,6
5314,2,2
5315,1,1
5316,2,2
5317,0,0
5318,6,6
5319,3,3
5320,0,0
5321,9,9
5322,1,1
5323,4,4
5324,7,7
5325,9,9
5326,4,4
5327,0,0
5328,2,2
5329,7,7
5330,7,7
5331,5,5
5332,2,2
5333,6,6
5334,7,7
5335,6,6
5336,2,2
5337,2,2
5338,1,1
5339,6,6
5340,7,7
5341,9,9
5342,2,2
5343,1,1
5344,2,2
5345,3,3
5346,5,5
5347,5,5
5348,6,6
5349,8,8
5350,6,6
5351,2,2
5352,1,1
5353,2,2
5354,7,7
5355,1,1
5356,6,6
5357,8,8
5358,1,1
5359,3,3
5360,0,0
5361,1,1
5362,6,6
5363,1,1
5364,6,6
5365,6,6
5366,0,0
5367,5,5
5368,6,6
5369,1,1
5370,4,4
5371,5,5
5372,6,6
5373,5,5
5374,3,3
5375,1,1
5376,8,8
5377,2,2
5378,6,6
5379,3,3
5380,7,7
5381,2,2
5382,5,5
5383,8,8
5384,7,7
5385,8,8
5386,2,2
5387,2,2
5388,2,2
5389,9,9
5390,4,4
5391,1,1
5392,1,1
5393,6,6
5394,5,5
5395,1,1
5396,6,6
5397,1,1
5398,5,5
5399,2,2
5400,3,3
5401,7,7
5402,5,5
5403,6,6
5404,5,5
5405,8,8
5406,2,2
5407,9,9
5408,7,7
5409,4,4
5410,3,3
5411,2,2
5412,0,0
5413,0,0
5414,7,7
5415,6,6
5416,1,1
5417,5,5
5418,8,8
5419,1,1
5420,8,8
5421,8,8
5422,1,1
5423,5,5
5424,8,8
5425,5,5
5426,5,5
5427,5,5
5428,4,4
5429,9,9
5430,7,7
5431,1,1
5432,7,7
5433,0,0
5434,6,6
5435,1,1
5436,1,1
5437,8,8
5438,0,0
5439,9,9
5440,3,3
5441,8,8
5442,7,7
5443,4,4
5444,1,1
5445,2,2
5446,2,2
5447,2,2
5448,7,7
5449,7,7
5450,6,6
5451,4,4
5452,7,7
5453,1,1
5454,2,2
5455,0,0
5456,2,2
5457,3,3
5458,1,1
5459,6,6
5460,3,3
5461,8,8
5462,0,0
5463,0,0
5464,6,6
5465,3,3
5466,5,5
5467,4,4
5468,5,5
5469,3,3
5470,1,1
5471,1,1
5472,2,2
5473,6,6
5474,9,9
5475,1,1
5476,3,3
5477,8,8
5478,0,0
5479,5,5
5480,9,9
5481,6,6
5482,2,2
5483,0,0
5484,6,6
5485,9,9
5486,8,8
5487,6,6
5488,1,1
5489,2,2
5490,4,4
5491,8,8
5492,8,8
5493,7,7
5494,5,5
5495,2,2
5496,3,3
5497,7,7
5498,1,1
5499,6,6
5500,6,6
5501,8,8
5502,8,8
5503,4,4
5504,2,2
5505,1,1
5506,2,2
5507,8,8
5508,4,4
5509,0,0
5510,3,3
5511,8,8
5512,4,4
5513,7,7
5514,1,1
5515,4,4
5516,3,3
5517,7,7
5518,4,4
5519,7,7
5520,4,4
5521,9,9
5522,7,7
5523,8,8
5524,1,1
5525,6,6
5526,0,0
5527,4,4
5528,9,9
5529,8,8
5530,6,6
5531,9,9
5532,2,2
5533,6,6
5534,4,4
5535,9,9
5536,2,2
5537,8,8
5538,1,1
5539,8,8
5540,7,7
5541,7,7
5542,9,9
5543,6,6
5544,3,3
5545,3,3
5546,7,7
5547,2,2
5548,2,2
5549,6,6
5550,3,3
5551,5,5
5552,5,5
5553,1,1
5554,4,4
5555,3,3
5556,7,7
5557,1,1
5558,4,4
5559,0,0
5560,4,4
5561,9,9
5562,1,1
5563,4,4
5564,1,1
5565,0,0
5566,0,0
5567,6,6
5568,3,3
5569,4,4
5570,4,4
5571,5,5
5572,1,1
5573,9,9
5574,0,0
5575,7,7
5576,3,3
5577,0,0
5578,0,0
5579,2,2
5580,6,6
5581,8,8
5582,9,9
5583,5,5
5584,4,4
5585,4,4
5586,4,4
5587,4,4
5588,4,4
5589,3,3
5590,0,0
5591,0,0
5592,2,2
5593,1,1
5594,9,9
5595,3,3
5596,5,5
5597,9,9
5598,6,6
5599,7,7
5600,5,5
5601,1,1
5602,1,1
5603,0,0
5604,0,0
5605,8,8
5606,8,8
5607,2,2
5608,4,4
5609,5,5
5610,6,6
5611,6,6
5612,1,1
5613,1,1
5614,6,6
5615,4,4
5616,6,6
5617,9,9
5618,0,0
5619,1,1
5620,0,0
5621,6,6
5622,2,2
5623,1,1
5624,2,2
5625,8,8
5626,5,5
5627,4,4
5628,0,0
5629,0,0
5630,9,9
5631,1,1
5632,3,3
5633,8,8
5634,9,9
5635,4,4
5636,4,4
5637,9,9
5638,1,1
5639,8,8
5640,9,9
5641,6,6
5642,4,4
5643,4,4
5644,2,2
5645,6,6
5646,3,3
5647,2,2
5648,8,8
5649,3,3
5650,3,3
5651,0,0
5652,1,1
5653,2,2
5654,2,2
5655,7,7
5656,1,1
5657,4,4
5658,2,2
5659,8,8
5660,5,5
5661,6,6
5662,5,5
5663,8,8
5664,4,4
5665,2,2
5666,9,9
5667,3,3
5668,1,1
5669,2,2
5670,4,4
5671,6,6
5672,6,6
5673,2,2
5674,9,9
5675,4,4
5676,8,8
5677,1,1
5678,3,3
5679,0,0
5680,4,4
5681,8,8
5682,2,2
5683,5,5
5684,2,2
5685,4,4
5686,5,5
5687,8,8
5688,1,1
5689,8,8
5690,8,8
5691,2,2
5692,5,5
5693,9,9
5694,7,7
5695,1,1
5696,2,2
5697,5,5
5698,1,1
5699,5,5
5700,3,3
5701,7,7
5702,3,3
5703,0,0
5704,3,3
5705,5,5
5706,9,9
5707,3,3
5708,1,1
5709,6,6
5710,9,9
5711,7,7
5712,7,7
5713,0,0
5714,0,0
5715,6,6
5716,2,2
5717,8,8
5718,3,3
5719,3,3
5720,7,7
5721,1,1
5722,1,1
5723,0,0
5724,8,8
5725,0,0
5726,5,5
5727,7,7
5728,4,4
5729,3,3
5730,3,3
5731,1,1
5732,2,2
5733,6,6
5734,8,8
5735,0,0
5736,9,9
5737,5,5
5738,0,0
5739,9,9
5740,5,5
5741,0,0
5742,1,1
5743,7,7
5744,6,6
5745,9,9
5746,7,7
5747,0,0
5748,8,8
5749,3,3
5750,0,0
5751,4,4
5752,6,6
5753,2,2
5754,4,4
5755,0,0
5756,1,1
5757,1,1
5758,0,0
5759,0,0
5760,8,8
5761,8,8
5762,3,3
5763,0,0
5764,4,4
5765,6,6
5766,4,4
5767,6,6
5768,7,7
5769,2,2
5770,7,7
5771,8,8
5772,8,8
5773,2,2
5774,4,4
5775,6,6
5776,7,7
5777,0,0
5778,6,6
5779,2,2
5780,1,1
5781,2,2
5782,6,6
5783,0,0
5784,1,1
5785,9,9
5786,6,6
5787,7,7
5788,9,9
5789,0,0
5790,5,5
5791,9,9
5792,0,0
5793,7,7
5794,7,7
5795,4,4
5796,6,6
5797,0,0
5798,5,5
5799,0,0
5800,9,9
5801,3,3
5802,5,5
5803,5,5
5804,3,3
5805,3,3
5806,6,6
5807,1,1
5808,6,6
5809,1,1
5810,0,0
5811,8,8
5812,8,8
5813,6,6
5814,7,7
5815,6,6
5816,2,2
5817,2,2
5818,5,5
5819,5,5
5820,2,2
5821,7,7
5822,6,6
5823,7,7
5824,0,0
5825,1,1
5826,9,9
5827,0,0
5828,3,3
5829,5,5
5830,1,1
5831,8,8
5832,5,5
5833,7,7
5834,4,4
5835,4,4
5836,7,7
5837,0,0
5838,4,4
5839,0,0
5840,6,6
5841,0,0
5842,7,7
5843,1,1
5844,4,4
5845,7,7
5846,2,2
5847,1,1
5848,4,4
5849,1,1
5850,1,1
5851,7,7
5852,6,6
5853,5,5
5854,3,3
5855,0,0
5856,9,9
5857,3,3
5858,3,3
5859,9,9
5860,4,4
5861,9,9
5862,1,1
5863,6,6
5864,6,6
5865,6,6
5866,3,3
5867,0,0
5868,0,0
5869,5,5
5870,8,8
5871,3,3
5872,4,4
5873,8,8
5874,6,6
5875,7,7
5876,9,9
5877,4,4
5878,5,5
5879,6,6
5880,7,7
5881,7,7
5882,7,7
5883,3,3
5884,5,5
5885,2,2
5886,4,4
5887,2,2
5888,7,7
5889,0,0
5890,4,4
5891,8,8
5892,3,3
5893,4,4
5894,8,8
5895,3,3
5896,1,1
5897,2,2
5898,1,1
5899,0,0
5900,9,9
5901,7,7
5902,2,2
5903,0,0
5904,0,0
5905,5,5
5906,2,2
5907,8,8
5908,6,6
5909,9,9
5910,3,3
5911,5,5
5912,7,7
5913,7,7
5914,8,8
5915,6,6
5916,8,8
5917,6,6
5918,9,9
5919,6,6
5920,9,9
5921,3,3
5922,4,4
5923,7,7
5924,7,7
5925,1,1
5926,3,3
5927,5,5
5928,9,9
5929,5,5
5930,3,3
5931,9,9
5932,6,6
5933,3,3
5934,1,1
5935,1,1
5936,3,3
5937,1,1
5938,7,7
5939,8,8
5940,9,9
5941,2,2
5942,4,4
5943,6,6
5944,4,4
5945,1,1
5946,9,9
5947,1,1
5948,9,9
5949,1,1
5950,5,5
5951,2,2
5952,0,0
5953,3,3
5954,1,1
5955,1,1
5956,6,6
5957,0,0
5958,2,2
5959,8,8
5960,8,8
5961,5,5
5962,3,3
5963,4,4
5964,1,1
5965,0,0
5966,6,6
5967,1,1
5968,0,0
5969,0,0
5970,6,6
5971,1,1
5972,9,9
5973,7,7
5974,3,3
5975,8,8
5976,4,4
5977,2,2
5978,5,5
5979,9,9
5980,1,1
5981,9,9
5982,1,1
5983,9,9
5984,8,8
5985,7,7
5986,9,9
5987,5,5
5988,0,0
5989,2,2
5990,6,6
5991,7,7
5992,4,4
5993,7,7
5994,5,5
5995,3,3
5996,7,7
5997,4,4
5998,1,1
5999,7,7
6000,2,2
6001,0,0
6002,6,6
6003,2,2
6004,1,1
6005,9,9
6006,3,3
6007,0,0
6008,3,3
6009,5,5
6010,5,5
6011,4,4
6012,1,1
6013,8,8
6014,6,6
6015,6,6
6016,7,7
6017,6,6
6018,8,8
6019,7,7
6020,1,1
6021,7,7
6022,4,4
6023,0,0
6024,5,5
6025,0,0
6026,3,3
6027,2,2
6028,7,7
6029,3,3
6030,7,7
6031,7,7
6032,2,2
6033,8,8
6034,5,5
6035,3,3
6036,2,2
6037,1,1
6038,5,5
6039,9,9
6040,9,9
6041,7,7
6042,4,4
6043,1,1
6044,1,1
6045,2,2
6046,2,2
6047,6,6
6048,2,2
6049,0,0
6050,4,4
6051,2,2
6052,6,6
6053,2,2
6054,4,4
6055,1,1
6056,8,8
6057,8,8
6058,4,4
6059,0,0
6060,1,1
6061,1,1
6062,0,0
6063,7,7
6064,1,1
6065,7,7
6066,8,8
6067,1,1
6068,4,4
6069,2,2
6070,7,7
6071,8,8
6072,3,3
6073,4,4
6074,3,3
6075,8,8
6076,6,6
6077,8,8
6078,9,9
6079,3,3
6080,1,1
6081,7,7
6082,0,0
6083,0,0
6084,9,9
6085,7,7
6086,5,5
6087,2,2
6088,9,9
6089,1,1
6090,7,7
6091,2,2
6092,5,5
6093,3,3
6094,8,8
6095,2,2
6096,0,0
6097,0,0
6098,7,7
6099,0,0
6100,6,6
6101,9,9
6102,9,9
6103,1,1
6104,1,1
6105,3,3
6106,2,2
6107,5,5
6108,7,7
6109,4,4
6110,2,2
6111,8,8
6112,0,0
6113,6,6
6114,3,3
6115,9,9
6116,1,1
6117,3,3
6118,4,4
6119,6,6
6120,2,2
6121,4,4
6122,9,9
6123,5,5
6124,2,2
6125,1,1
6126,2,2
6127,2,2
6128,1,1
6129,5,5
6130,1,1
6131,6,6
6132,4,4
6133,8,8
6134,5,5
6135,3,3
6136,2,2
6137,4,4
6138,3,3
6139,9,9
6140,3,3
6141,6,6
6142,5,5
6143,8,8
6144,5,5
6145,7,7
6146,3,3
6147,9,9
6148,9,9
6149,9,9
6150,4,4
6151,9,9
6152,2,2
6153,2,2
6154,9,9
6155,1,1
6156,5,5
6157,8,8
6158,2,2
6159,2,2
6160,6,6
6161,5,5
6162,5,5
6163,9,9
6164,4,4
6165,7,7
6166,1,1
6167,4,4
6168,7,7
6169,9,9
6170,7,7
6171,3,3
6172,3,3
6173,0,0
6174,2,2
6175,1,1
6176,7,7
6177,0,0
6178,3,3
6179,4,4
6180,0,0
6181,1,1
6182,0,0
6183,9,9
6184,3,3
6185,9,9
6186,3,3
6187,4,4
6188,3,3
6189,9,9
6190,6,6
6191,1,1
6192,2,2
6193,9,9
6194,1,1
6195,4,4
6196,9,9
6197,1,1
6198,2,2
6199,7,7
6200,6,6
6201,6,6
6202,7,7
6203,9,9
6204,3,3
6205,2,2
6206,1,1
6207,1,1
6208,1,1
6209,2,2
6210,4,4
6211,7,7
6212,1,1
6213,9,9
6214,1,1
6215,0,0
6216,7,7
6217,3,3
6218,7,7
6219,8,8
6220,7,7
6221,9,9
6222,1,1
6223,8,8
6224,6,6
6225,8,8
6226,6,6
6227,8,8
6228,9,9
6229,6,6
6230,9,9
6231,0,0
6232,4,4
6233,1,1
6234,8,8
6235,2,2
6236,1,1
6237,4,4
6238,6,6
6239,0,0
6240,0,0
6241,6,6
6242,8,8
6243,5,5
6244,4,4
6245,0,0
6246,4,4
6247,4,4
6248,8,8
6249,7,7
6250,9,9
6251,2,2
6252,9,9
6253,1,1
6254,8,8
6255,3,3
6256,5,5
6257,1,1
6258,7,7
6259,2,2
6260,6,6
6261,9,9
6262,7,7
6263,6,6
6264,8,8
6265,3,3
6266,9,9
6267,1,1
6268,9,9
6269,7,7
6270,2,2
6271,1,1
6272,6,6
6273,7,7
6274,4,4
6275,9,9
6276,2,2
6277,3,3
6278,8,8
6279,6,6
6280,9,9
6281,1,1
6282,8,8
6283,7,7
6284,4,4
6285,6,6
6286,8,8
6287,5,5
6288,7,7
6289,2,2
6290,5,5
6291,8,8
6292,0,0
6293,1,1
6294,8,8
6295,2,2
6296,9,9
6297,0,0
6298,0,0
6299,0,0
6300,3,3
6301,3,3
6302,1,1
6303,8,8
6304,5,5
6305,8,8
6306,4,4
6307,2,2
6308,0,0
6309,2,2
6310,9,9
6311,3,3
6312,7,7
6313,8,8
6314,0,0
6315,3,3
6316,3,3
6317,4,4
6318,6,6
6319,2,2
6320,0,0
6321,3,3
6322,8,8
6323,4,4
6324,3,3
6325,1,1
6326,0,0
6327,2,2
6328,2,2
6329,6,6
6330,9,9
6331,7,7
6332,6,6
6333,5,5
6334,9,9
6335,6,6
6336,0,0
6337,4,4
6338,6,6
6339,2,2
6340,6,6
6341,5,5
6342,3,3
6343,6,6
6344,6,6
6345,1,1
6346,2,2
6347,8,8
6348,8,8
6349,1,1
6350,7,7
6351,1,1
6352,9,9
6353,1,1
6354,2,2
6355,6,6
6356,6,6
6357,0,0
6358,7,7
6359,8,8
6360,4,4
6361,0,0
6362,3,3
6363,2,2
6364,1,1
6365,5,5
6366,5,5
6367,2,2
6368,4,4
6369,7,7
6370,0,0
6371,4,4
6372,3,3
6373,2,2
6374,4,4
6375,9,9
6376,6,6
6377,2,2
6378,5,5
6379,3,3
6380,7,7
6381,2,2
6382,8,8
6383,8,8
6384,1,1
6385,4,4
6386,0,0
6387,1,1
6388,6,6
6389,1,1
6390,0,0
6391,7,7
6392,3,3
6393,0,0
6394,1,1
6395,2,2
6396,8,8
6397,2,2
6398,0,0
6399,3,3
6400,0,0
6401,9,9
6402,9,9
6403,1,1
6404,0,0
6405,9,9
6406,7,7
6407,6,6
6408,9,9
6409,5,5
6410,5,5
6411,0,0
6412,9,9
6413,0,0
6414,7,7
6415,3,3
6416,0,0
6417,6,6
6418,4,4
6419,1,1
6420,1,1
6421,2,2
6422,9,9
6423,7,7
6424,0,0
6425,7,7
6426,7,7
6427,5,5
6428,1,1
6429,3,3
6430,5,5
6431,3,3
6432,8,8
6433,4,4
6434,1,1
6435,4,4
6436,1,1
6437,6,6
6438,8,8
6439,8,8
6440,4,4
6441,0,0
6442,6,6
6443,3,3
6444,3,3
6445,2,2
6446,4,4
6447,8,8
6448,1,1
6449,9,9
6450,6,6
6451,3,3
6452,3,3
6453,1,1
6454,1,1
6455,0,0
6456,5,5
6457,7,7
6458,0,0
6459,7,7
6460,8,8
6461,8,8
6462,4,4
6463,7,7
6464,2,2
6465,8,8
6466,5,5
6467,5,5
6468,1,1
6469,2,2
6470,6,6
6471,1,1
6472,3,3
6473,7,7
6474,8,8
6475,2,2
6476,1,1
6477,6,6
6478,3,3
6479,4,4
6480,6,6
6481,5,5
6482,9,9
6483,4,4
6484,2,2
6485,5,5
6486,0,0
6487,5,5
6488,7,7
6489,5,5
6490,5,5
6491,9,9
6492,5,5
6493,4,4
6494,7,7
6495,9,9
6496,0,0
6497,2,2
6498,2,2
6499,9,9
6500,7,7
6501,9,9
6502,4,4
6503,7,7
6504,9,9
6505,5,5
6506,6,6
6507,2,2
6508,1,1
6509,6,6
6510,4,4
6511,1,1
6512,4,4
6513,9,9
6514,2,2
6515,7,7
6516,4,4
6517,0,0
6518,0,0
6519,3,3
6520,5,5
6521,9,9
6522,0,0
6523,4,4
6524,0,0
6525,7,7
6526,2,2
6527,1,1
6528,7,7
6529,5,5
6530,1,1
6531,3,3
6532,3,3
6533,8,8
6534,2,2
6535,0,0
6536,4,4
6537,9,9
6538,5,5
6539,0,0
6540,4,4
6541,7,7
6542,4,4
6543,3,3
6544,1,1
6545,8,8
6546,9,9
6547,5,5
6548,6,6
6549,0,0
6550,6,6
6551,6,6
6552,3,3
6553,6,6
6554,7,7
6555,3,3
6556,4,4
6557,7,7
6558,5,5
6559,4,4
6560,0,0
6561,5,5
6562,3,3
6563,9,9
6564,6,6
6565,9,9
6566,7,7
6567,7,7
6568,4,4
6569,4,4
6570,9,9
6571,2,2
6572,3,3
6573,3,3
6574,6,6
6575,6,6
6576,1,1
6577,2,2
6578,1,1
6579,9,9
6580,2,2
6581,5,5
6582,1,1
6583,4,4
6584,3,3
6585,0,0
6586,3,3
6587,5,5
6588,2,2
6589,7,7
6590,0,0
6591,1,1
6592,2,2
6593,8,8
6594,4,4
6595,0,0
6596,4,4
6597,1,1
6598,0,0
6599,5,5
6600,9,9
6601,1,1
6602,7,7
6603,4,4
6604,4,4
6605,3,3
6606,5,5
6607,8,8
6608,1,1
6609,7,7
6610,1,1
6611,5,5
6612,5,5
6613,4,4
6614,9,9
6615,2,2
6616,1,1
6617,3,3
6618,3,3
6619,7,7
6620,9,9
6621,6,6
6622,3,3
6623,2,2
6624,0,0
6625,1,1
6626,4,4
6627,4,4
6628,4,4
6629,9,9
6630,5,5
6631,4,4
6632,0,0
6633,5,5
6634,4,4
6635,6,6
6636,9,9
6637,2,2
6638,7,7
6639,0,0
6640,0,0
6641,5,5
6642,2,2
6643,3,3
6644,5,5
6645,8,8
6646,9,9
6647,6,6
6648,8,8
6649,3,3
6650,2,2
6651,0,0
6652,8,8
6653,0,0
6654,9,9
6655,3,3
6656,7,7
6657,1,1
6658,1,1
6659,5,5
6660,7,7
6661,5,5
6662,6,6
6663,2,2
6664,9,9
6665,2,2
6666,7,7
6667,1,1
6668,2,2
6669,7,7
6670,2,2
6671,0,0
6672,7,7
6673,7,7
6674,0,0
6675,1,1
6676,1,1
6677,4,4
6678,6,6
6679,8,8
6680,4,4
6681,4,4
6682,5,5
6683,2,2
6684,9,9
6685,2,2
6686,5,5
6687,3,3
6688,2,2
6689,0,0
6690,1,1
6691,1,1
6692,4,4
6693,3,3
6694,0,0
6695,0,0
6696,7,7
6697,1,1
6698,3,3
6699,5,5
6700,1,1
6701,2,2
6702,4,4
6703,1,1
6704,3,3
6705,4,4
6706,2,2
6707,3,3
6708,4,4
6709,4,4
6710,7,7
6711,6,6
6712,3,3
6713,3,3
6714,2,2
6715,6,6
6716,3,3
6717,0,0
6718,2,2
6719,2,2
6720,5,5
6721,8,8
6722,0,0
6723,0,0
6724,9,9
6725,2,2
6726,7,7
6727,6,6
6728,3,3
6729,2,2
6730,2,2
6731,2,2
6732,0,0
6733,3,3
6734,4,4
6735,5,5
6736,7,7
6737,5,5
6738,2,2
6739,6,6
6740,8,8
6741,6,6
6742,2,2
6743,8,8
6744,4,4
6745,3,3
6746,1,1
6747,2,2
6748,2,2
6749,2,2
6750,6,6
6751,0,0
6752,6,6
6753,0,0
6754,8,8
6755,8,8
6756,2,2
6757,4,4
6758,2,2
6759,9,9
6760,5,5
6761,6,6
6762,0,0
6763,6,6
6764,0,0
6765,1,1
6766,0,0
6767,5,5
6768,7,7
6769,1,1
6770,2,2
6771,0,0
6772,5,5
6773,1,1
6774,5,5
6775,9,9
6776,6,6
6777,9,9
6778,6,6
6779,7,7
6780,3,3
6781,8,8
6782,4,4
6783,5,5
6784,5,5
6785,7,7
6786,5,5
6787,0,0
6788,0,0
6789,8,8
6790,8,8
6791,3,3
6792,2,2
6793,1,1
6794,7,7
6795,5,5
6796,8,8
6797,0,0
6798,0,0
6799,9,9
6800,1,1
6801,7,7
6802,9,9
6803,7,7
6804,6,6
6805,7,7
6806,3,3
6807,7,7
6808,7,7
6809,1,1
6810,7,7
6811,1,1
6812,1,1
6813,0,0
6814,3,3
6815,8,8
6816,0,0
6817,5,5
6818,3,3
6819,3,3
6820,7,7
6821,7,7
6822,0,0
6823,3,3
6824,6,6
6825,1,1
6826,4,4
6827,9,9
6828,2,2
6829,6,6
6830,1,1
6831,5,5
6832,2,2
6833,7,7
6834,5,5
6835,1,1
6836,5,5
6837,3,3
6838,2,2
6839,8,8
6840,4,4
6841,8,8
6842,6,6
6843,3,3
6844,8,8
6845,2,2
6846,6,6
6847,4,4
6848,8,8
6849,8,8
6850,4,4
6851,4,4
6852,4,4
6853,3,3
6854,4,4
6855,5,5
6856,2,2
6857,7,7
6858,3,3
6859,7,7
6860,7,7
6861,5,5
6862,9,9
6863,3,3
6864,1,1
6865,1,1
6866,2,2
6867,4,4
6868,9,9
6869,2,2
6870,2,2
6871,2,2
6872,4,4
6873,8,8
6874,4,4
6875,0,0
6876,8,8
6877,4,4
6878,5,5
6879,3,3
6880,7,7
6881,4,4
6882,4,4
6883,1,1
6884,0,0
6885,6,6
6886,1,1
6887,0,0
6888,5,5
6889,1,1
6890,5,5
6891,0,0
6892,2,2
6893,9,9
6894,4,4
6895,6,6
6896,3,3
6897,3,3
6898,2,2
6899,3,3
6900,8,8
6901,2,2
6902,5,5
6903,7,7
6904,3,3
6905,5,5
6906,6,6
6907,7,7
6908,0,0
6909,4,4
6910,0,0
6911,1,1
6912,3,3
6913,8,8
6914,6,6
6915,8,8
6916,4,4
6917,9,9
6918,1,1
6919,9,9
6920,3,3
6921,2,2
6922,7,7
6923,3,3
6924,0,0
6925,6,6
6926,5,5
6927,6,6
6928,3,3
6929,0,0
6930,1,1
6931,6,6
6932,6,6
6933,4,4
6934,4,4
6935,2,2
6936,1,1
6937,9,9
6938,3,3
6939,1,1
6940,1,1
6941,6,6
6942,1,1
6943,7,7
6944,1,1
6945,8,8
6946,5,5
6947,1,1
6948,6,6
6949,5,5
6950,9,9
6951,0,0
6952,2,2
6953,1,1
6954,1,1
6955,9,9
6956,2,2
6957,3,3
6958,5,5
6959,3,3
6960,3,3
6961,2,2
6962,1,1
6963,8,8
6964,1,1
6965,7,7
6966,1,1
6967,2,2
6968,2,2
6969,4,4
6970,1,1
6971,3,3
6972,7,7
6973,1,1
6974,8,8
6975,2,2
6976,6,6
6977,3,3
6978,6,6
6979,0,0
6980,2,2
6981,0,0
6982,9,9
6983,0,0
6984,9,9
6985,6,6
6986,6,6
6987,4,4
6988,0,0
6989,4,4
6990,0,0
6991,1,1
6992,6,6
6993,3,3
6994,9,9
6995,3,3
6996,3,3
6997,5,5
6998,5,5
6999,6,6
7000,7,7
7001,8,8
7002,0,0
7003,1,1
7004,4,4
7005,5,5
7006,7,7
7007,6,6
7008,5,5
7009,7,7
7010,5,5
7011,9,9
7012,7,7
7013,0,0
7014,3,3
7015,1,1
7016,2,2
7017,3,3
7018,1,1
7019,4,4
7020,5,5
7021,3,3
7022,3,3
7023,5,5
7024,3,3
7025,3,3
7026,1,1
7027,2,2
7028,8,8
7029,4,4
7030,5,5
7031,2,2
7032,8,8
7033,1,1
7034,4,4
7035,9,9
7036,2,2
7037,6,6
7038,2,2
7039,1,1
7040,0,0
7041,9,9
7042,5,5
7043,9,9
7044,8,8
7045,8,8
7046,0,0
7047,5,5
7048,6,6
7049,1,1
7050,9,9
7051,9,9
7052,2,2
7053,0,0
7054,6,6
7055,0,0
7056,5,5
7057,1,1
7058,2,2
7059,0,0
7060,0,0
7061,0,0
7062,2,2
7063,3,3
7064,0,0
7065,4,4
7066,4,4
7067,7,7
7068,2,2
7069,4,4
7070,8,8
7071,5,5
7072,8,8
7073,0,0
7074,6,6
7075,9,9
7076,1,1
7077,3,3
7078,8,8
7079,3,3
7080,9,9
7081,6,6
7082,7,7
7083,0,0
7084,4,4
7085,1,1
7086,3,3
7087,9,9
7088,6,6
7089,1,1
7090,9,9
7091,4,4
7092,0,0
7093,2,2
7094,9,9
7095,0,0
7096,6,6
7097,0,0
7098,8,8
7099,5,5
7100,9,9
7101,1,1
7102,4,4
7103,2,2
7104,1,1
7105,7,7
7106,1,1
7107,0,0
7108,6,6
7109,2,2
7110,3,3
7111,1,1
7112,6,6
7113,4,4
7114,3,3
7115,2,2
7116,3,3
7117,9,9
7118,4,4
7119,5,5
7120,1,1
7121,2,2
7122,3,3
7123,1,1
7124,2,2
7125,2,2
7126,0,0
7127,9,9
7128,5,5
7129,9,9
7130,4,4
7131,4,4
7132,0,0
7133,5,5
7134,7,7
7135,9,9
7136,1,1
7137,1,1
7138,5,5
7139,0,0
7140,6,6
7141,2,2
7142,6,6
7143,7,7
7144,9,9
7145,3,3
7146,5,5
7147,2,2
7148,3,3
7149,1,1
7150,1,1
7151,3,3
7152,9,9
7153,5,5
7154,2,2
7155,1,1
7156,1,1
7157,9,9
7158,6,6
7159,8,8
7160,1,1
7161,7,7
7162,6,6
7163,6,6
7164,2,2
7165,3,3
7166,7,7
7167,3,3
7168,2,2
7169,8,8
7170,5,5
7171,2,2
7172,3,3
7173,4,4
7174,4,4
7175,9,9
7176,7,7
7177,0,0
7178,7,7
7179,3,3
7180,0,0
7181,7,7
7182,5,5
7183,8,8
7184,3,3
7185,5,5
7186,3,3
7187,3,3
7188,0,0
7189,9,9
7190,3,3
7191,9,9
7192,2,2
7193,1,1
7194,5,5
7195,9,9
7196,1,1
7197,6,6
7198,8,8
7199,7,7
7200,8,8
7201,6,6
7202,9,9
7203,2,2
7204,8,8
7205,1,1
7206,6,6
7207,2,2
7208,1,1
7209,8,8
7210,2,2
7211,2,2
7212,7,7
7213,3,3
7214,8,8
7215,7,7
7216,9,9
7217,3,3
7218,7,7
7219,3,3
7220,9,9
7221,2,2
7222,0,0
7223,7,7
7224,2,2
7225,9,9
7226,9,9
7227,6,6
7228,5,5
7229,1,1
7230,5,5
7231,7,7
7232,3,3
7233,7,7
7234,6,6
7235,3,3
7236,9,9
7237,5,5
7238,1,1
7239,5,5
7240,6,6
7241,3,3
7242,0,0
7243,0,0
7244,6,6
7245,5,5
7246,7,7
7247,2,2
7248,7,7
7249,5,5
7250,7,7
7251,9,9
7252,7,7
7253,3,3
7254,3,3
7255,7,7
7256,1,1
7257,4,4
7258,0,0
7259,2,2
7260,5,5
7261,0,0
7262,7,7
7263,3,3
7264,4,4
7265,1,1
7266,2,2
7267,0,0
7268,8,8
7269,4,4
7270,8,8
7271,2,2
7272,1,1
7273,5,5
7274,6,6
7275,6,6
7276,4,4
7277,9,9
7278,6,6
7279,3,3
7280,8,8
7281,3,3
7282,3,3
7283,5,5
7284,6,6
7285,4,4
7286,7,7
7287,1,1
7288,6,6
7289,2,2
7290,6,6
7291,5,5
7292,8,8
7293,9,9
7294,0,0
7295,4,4
7296,7,7
7297,4,4
7298,7,7
7299,3,3
7300,0,0
7301,6,6
7302,6,6
7303,7,7
7304,0,0
7305,5,5
7306,5,5
7307,6,6
7308,5,5
7309,1,1
7310,5,5
7311,9,9
7312,7,7
7313,1,1
7314,4,4
7315,3,3
7316,5,5
7317,9,9
7318,0,0
7319,7,7
7320,9,9
7321,2,2
7322,8,8
7323,6,6
7324,3,3
7325,6,6
7326,6,6
7327,7,7
7328,4,4
7329,5,5
7330,3,3
7331,5,5
7332,8,8
7333,7,7
7334,4,4
7335,5,5
7336,2,2
7337,6,6
7338,1,1
7339,6,6
7340,2,2
7341,4,4
7342,4,4
7343,6,6
7344,8,8
7345,9,9
7346,5,5
7347,1,1
7348,5,5
7349,0,0
7350,7,7
7351,3,3
7352,4,4
7353,0,0
7354,7,7
7355,0,0
7356,7,7
7357,0,0
7358,2,2
7359,7,7
7360,7,7
7361,4,4
7362,0,0
7363,1,1
7364,4,4
7365,7,7
7366,8,8
7367,8,8
7368,3,3
7369,0,0
7370,6,6
7371,9,9
7372,2,2
7373,3,3
7374,5,5
7375,6,6
7376,7,7
7377,6,6
7378,9,9
7379,2,2
7380,1,1
7381,7,7
7382,2,2
7383,9,9
7384,1,1
7385,8,8
7386,0,0
7387,3,3
7388,4,4
7389,1,1
7390,0,0
7391,8,8
7392,6,6
7393,6,6
7394,6,6
7395,4,4
7396,5,5
7397,1,1
7398,7,7
7399,1,1
7400,4,4
7401,6,6
7402,7,7
7403,0,0
7404,4,4
7405,7,7
7406,8,8
7407,9,9
7408,9,9
7409,7,7
7410,9,9
7411,6,6
7412,8,8
7413,3,3
7414,4,4
7415,6,6
7416,9,9
7417,5,5
7418,9,9
7419,8,8
7420,5,5
7421,1,1
7422,9,9
7423,1,1
7424,4,4
7425,3,3
7426,6,6
7427,1,1
7428,1,1
7429,2,2
7430,9,9
7431,3,3
7432,6,6
7433,8,8
7434,1,1
7435,8,8
7436,2,2
7437,2,2
7438,2,2
7439,1,1
7440,3,3
7441,4,4
7442,9,9
7443,7,7
7444,3,3
7445,6,6
7446,8,8
7447,8,8
7448,5,5
7449,5,5
7450,6,6
7451,2,2
7452,9,9
7453,8,8
7454,1,1
7455,8,8
7456,5,5
7457,8,8
7458,0,0
7459,9,9
7460,3,3
7461,4,4
7462,8,8
7463,2,2
7464,9,9
7465,3,3
7466,1,1
7467,1,1
7468,0,0
7469,9,9
7470,2,2
7471,2,2
7472,2,2
7473,2,2
7474,7,7
7475,8,8
7476,7,7
7477,7,7
7478,2,2
7479,1,1
7480,9,9
7481,2,2
7482,7,7
7483,8,8
7484,3,3
7485,1,1
7486,0,0
7487,2,2
7488,6,6
7489,8,8
7490,2,2
7491,8,8
7492,6,6
7493,9,9
7494,8,8
7495,1,1
7496,2,2
7497,9,9
7498,0,0
7499,3,3
7500,5,5
7501,8,8
7502,1,1
7503,7,7
7504,0,0
7505,7,7
7506,6,6
7507,8,8
7508,2,2
7509,1,1
7510,9,9
7511,0,0
7512,5,5
7513,9,9
7514,2,2
7515,6,6
7516,3,3
7517,4,4
7518,5,5
7519,3,3
7520,4,4
7521,6,6
7522,0,0
7523,6,6
7524,8,8
7525,2,2
7526,5,5
7527,9,9
7528,3,3
7529,1,1
7530,3,3
7531,5,5
7532,1,1
7533,9,9
7534,0,0
7535,7,7
7536,8,8
7537,3,3
7538,4,4
7539,0,0
7540,9,9
7541,4,4
7542,6,6
7543,0,0
7544,1,1
7545,7,7
7546,1,1
7547,7,7
7548,7,7
7549,2,2
7550,4,4
7551,1,1
7552,9,9
7553,7,7
7554,4,4
7555,4,4
7556,2,2
7557,7,7
7558,8,8
7559,1,1
7560,8,8
7561,5,5
7562,0,0
7563,4,4
7564,4,4
7565,7,7
7566,5,5
7567,7,7
7568,5,5
7569,2,2
7570,5,5
7571,0,0
7572,8,8
7573,8,8
7574,9,9
7575,6,6
7576,9,9
7577,4,4
7578,7,7
7579,5,5
7580,4,4
7581,9,9
7582,3,3
7583,3,3
7584,7,7
7585,3,3
7586,3,3
7587,9,9
7588,7,7
7589,6,6
7590,4,4
7591,7,7
7592,0,0
7593,9,9
7594,4,4
7595,4,4
7596,4,4
7597,7,7
7598,2,2
7599,9,9
7600,7,7
7601,9,9
7602,2,2
7603,3,3
7604,4,4
7605,7,7
7606,8,8
7607,5,5
7608,2,2
7609,8,8
7610,1,1
7611,2,2
7612,4,4
7613,7,7
7614,7,7
7615,8,8
7616,1,1
7617,2,2
7618,3,3
7619,5,5
7620,1,1
7621,2,2
7622,2,2
7623,9,9
7624,8,8
7625,7,7
7626,6,6
7627,3,3
7628,2,2
7629,2,2
7630,9,9
7631,6,6
7632,2,2
7633,7,7
7634,5,5
7635,5,5
7636,4,4
7637,6,6
7638,8,8
7639,0,0
7640,5,5
7641,9,9
7642,8,8
7643,6,6
7644,5,5
7645,4,4
7646,7,7
7647,8,8
7648,9,9
7649,0,0
7650,0,0
7651,2,2
7652,1,1
7653,8,8
7654,2,2
7655,5,5
7656,9,9
7657,8,8
7658,3,3
7659,0,0
7660,2,2
7661,0,0
7662,5,5
7663,6,6
7664,7,7
7665,7,7
7666,8,8
7667,6,6
7668,2,2
7669,2,2
7670,4,4
7671,4,4
7672,5,5
7673,7,7
7674,8,8
7675,9,9
7676,9,9
7677,3,3
7678,4,4
7679,4,4
7680,6,6
7681,7,7
7682,6,6
7683,8,8
7684,0,0
7685,4,4
7686,9,9
7687,7,7
7688,7,7
7689,8,8
7690,6,6
7691,6,6
7692,3,3
7693,8,8
7694,2,2
7695,4,4
7696,6,6
7697,4,4
7698,6,6
7699,9,9
7700,8,8
7701,5,5
7702,9,9
7703,9,9
7704,3,3
7705,4,4
7706,4,4
7707,8,8
7708,8,8
7709,4,4
7710,7,7
7711,0,0
7712,7,7
7713,7,7
7714,1,1
7715,7,7
7716,3,3
7717,6,6
7718,9,9
7719,0,0
7720,2,2
7721,6,6
7722,9,9
7723,2,2
7724,9,9
7725,4,4
7726,6,6
7727,0,0
7728,8,8
7729,2,2
7730,0,0
7731,8,8
7732,5,5
7733,9,9
7734,2,2
7735,1,1
7736,3,3
7737,9,9
7738,1,1
7739,5,5
7740,4,4
7741,3,3
7742,6,6
7743,3,3
7744,2,2
7745,9,9
7746,3,3
7747,2,2
7748,4,4
7749,7,7
7750,6,6
7751,1,1
7752,0,0
7753,8,8
7754,0,0
7755,0,0
7756,2,2
7757,2,2
7758,3,3
7759,3,3
7760,4,4
7761,2,2
7762,7,7
7763,8,8
7764,7,7
7765,0,0
7766,4,4
7767,3,3
7768,0,0
7769,1,1
7770,5,5
7771,8,8
7772,2,2
7773,7,7
7774,8,8
7775,0,0
7776,9,9
7777,0,0
7778,8,8
7779,4,4
7780,0,0
7781,2,2
7782,7,7
7783,1,1
7784,1,1
7785,6,6
7786,8,8
7787,3,3
7788,6,6
7789,7,7
7790,1,1
7791,4,4
7792,0,0
7793,2,2
7794,0,0
7795,8,8
7796,9,9
7797,2,2
7798,3,3
7799,2,2
7800,5,5
7801,2,2
7802,7,7
7803,4,4
7804,2,2
7805,2,2
7806,6,6
7807,2,2
7808,5,5
7809,6,6
7810,3,3
7811,3,3
7812,0,0
7813,4,4
7814,0,0
7815,5,5
7816,4,4
7817,1,1
7818,8,8
7819,1,1
7820,7,7
7821,0,0
7822,3,3
7823,7,7
7824,9,9
7825,5,5
7826,4,4
7827,1,1
7828,7,7
7829,4,4
7830,7,7
7831,5,5
7832,6,6
7833,5,5
7834,0,0
7835,9,9
7836,2,2
7837,1,1
7838,4,4
7839,4,4
7840,7,7
7841,5,5
7842,8,8
7843,7,7
7844,9,9
7845,7,7
7846,5,5
7847,0,0
7848,9,9
7849,8,8
7850,2,2
7851,1,1
7852,0,0
7853,8,8
7854,3,3
7855,7,7
7856,8,8
7857,6,6
7858,4,4
7859,4,4
7860,0,0
7861,8,8
7862,1,1
7863,2,2
7864,6,6
7865,5,5
7866,1,1
7867,1,1
7868,4,4
7869,8,8
7870,8,8
7871,0,0
7872,8,8
7873,0,0
7874,8,8
7875,7,7
7876,2,2
7877,1,1
7878,8,8
7879,4,4
7880,3,3
7881,2,2
7882,8,8
7883,5,5
7884,0,0
7885,2,2
7886,8,8
7887,8,8
7888,3,3
7889,1,1
7890,7,7
7891,6,6
7892,9,9
7893,0,0
7894,1,1
7895,3,3
7896,4,4
7897,5,5
7898,7,7
7899,2,2
7900,1,1
7901,4,4
7902,8,8
7903,4,4
7904,9,9
7905,3,3
7906,4,4
7907,5,5
7908,6,6
7909,0,0
7910,8,8
7911,1,1
7912,7,7
7913,6,6
7914,5,5
7915,6,6
7916,5,5
7917,2,2
7918,7,7
7919,3,3
7920,6,6
7921,8,8
7922,3,3
7923,0,0
7924,8,8
7925,1,1
7926,5,5
7927,1,1
7928,5,5
7929,7,7
7930,7,7
7931,9,9
7932,3,3
7933,8,8
7934,7,7
7935,2,2
7936,8,8
7937,8,8
7938,9,9
7939,7,7
7940,9,9
7941,9,9
7942,8,8
7943,7,7
7944,4,4
7945,1,1
7946,4,4
7947,0,0
7948,5,5
7949,6,6
7950,0,0
7951,3,3
7952,5,5
7953,9,9
7954,3,3
7955,3,3
7956,0,0
7957,7,7
7958,0,0
7959,9,9
7960,9,9
7961,4,4
7962,0,0
7963,5,5
7964,2,2
7965,1,1
7966,8,8
7967,2,2
7968,5,5
7969,3,3
7970,8,8
7971,4,4
7972,1,1
7973,1,1
7974,0,0
7975,7,7
7976,0,0
7977,5,5
7978,7,7
7979,8,8
7980,2,2
7981,6,6
7982,4,4
7983,5,5
7984,6,6
7985,3,3
7986,1,1
7987,3,3
7988,1,1
7989,7,7
7990,8,8
7991,8,8
7992,7,7
7993,3,3
7994,8,8
7995,1,1
7996,8,8
7997,6,6
7998,4,4
7999,0,0
8000,7,7
8001,8,8
8002,8,8
8003,4,4
8004,9,9
8005,7,7
8006,1,1
8007,0,0
8008,0,0
8009,1,1
8010,4,4
8011,1,1
8012,7,7
8013,5,5
8014,8,8
8015,9,9
8016,1,1
8017,7,7
8018,7,7
8019,2,2
8020,2,2
8021,9,9
8022,6,6
8023,7,7
8024,5,5
8025,3,3
8026,5,5
8027,1,1
8028,8,8
8029,2,2
8030,4,4
8031,1,1
8032,4,4
8033,1,1
8034,1,1
8035,5,5
8036,9,9
8037,6,6
8038,3,3
8039,4,4
8040,6,6
8041,2,2
8042,8,8
8043,9,9
8044,6,6
8045,1,1
8046,2,2
8047,7,7
8048,3,3
8049,5,5
8050,1,1
8051,1,1
8052,6,6
8053,3,3
8054,7,7
8055,6,6
8056,4,4
8057,9,9
8058,0,0
8059,0,0
8060,3,3
8061,9,9
8062,7,7
8063,9,9
8064,6,6
8065,0,0
8066,7,7
8067,7,7
8068,7,7
8069,4,4
8070,3,3
8071,8,8
8072,0,0
8073,8,8
8074,9,9
8075,2,2
8076,1,1
8077,2,2
8078,3,3
8079,2,2
8080,8,8
8081,0,0
8082,0,0
8083,4,4
8084,6,6
8085,2,2
8086,0,0
8087,3,3
8088,4,4
8089,8,8
8090,0,0
8091,6,6
8092,9,9
8093,2,2
8094,3,3
8095,7,7
8096,9,9
8097,9,9
8098,3,3
8099,1,1
8100,1,1
8101,6,6
8102,8,8
8103,4,4
8104,7,7
8105,6,6
8106,2,2
8107,4,4
8108,4,4
8109,2,2
8110,1,1
8111,3,3
8112,3,3
8113,0,0
8114,2,2
8115,1,1
8116,1,1
8117,1,1
8118,8,8
8119,3,3
8120,1,1
8121,9,9
8122,0,0
8123,8,8
8124,2,2
8125,1,1
8126,6,6
8127,4,4
8128,0,0
8129,4,4
8130,9,9
8131,4,4
8132,7,7
8133,1,1
8134,0,0
8135,4,4
8136,1,1
8137,2,2
8138,0,0
8139,7,7
8140,4,4
8141,2,2
8142,1,1
8143,7,7
8144,2,2
8145,8,8
8146,2,2
8147,5,5
8148,7,7
8149,8,8
8150,9,9
8151,8,8
8152,4,4
8153,7,7
8154,0,0
8155,4,4
8156,3,3
8157,5,5
8158,1,1
8159,1,1
8160,3,3
8161,6,6
8162,9,9
8163,0,0
8164,0,0
8165,3,3
8166,0,0
8167,6,6
8168,4,4
8169,6,6
8170,6,6
8171,9,9
8172,6,6
8173,0,0
8174,4,4
8175,9,9
8176,6,6
8177,1,1
8178,1,1
8179,1,1
8180,7,7
8181,6,6
8182,0,0
8183,2,2
8184,5,5
8185,0,0
8186,9,9
8187,8,8
8188,6,6
8189,2,2
8190,5,5
8191,5,5
8192,7,7
8193,3,3
8194,3,3
8195,9,9
8196,7,7
8197,8,8
8198,2,2
8199,9,9
8200,1,1
8201,6,6
8202,2,2
8203,5,5
8204,2,2
8205,5,5
8206,7,7
8207,8,8
8208,2,2
8209,6,6
8210,8,8
8211,1,1
8212,5,5
8213,0,0
8214,8,8
8215,5,5
8216,1,1
8217,3,3
8218,7,7
8219,4,4
8220,5,5
8221,4,4
8222,7,7
8223,7,7
8224,4,4
8225,3,3
8226,1,1
8227,4,4
8228,6,6
8229,6,6
8230,8,8
8231,8,8
8232,2,2
8233,5,5
8234,1,1
8235,8,8
8236,3,3
8237,6,6
8238,3,3
8239,7,7
8240,1,1
8241,9,9
8242,4,4
8243,2,2
8244,8,8
8245,5,5
8246,1,1
8247,7,7
8248,0,0
8249,3,3
8250,2,2
8251,3,3
8252,3,3
8253,4,4
8254,6,6
8255,9,9
8256,1,1
8257,7,7
8258,7,7
8259,0,0
8260,8,8
8261,5,5
8262,4,4
8263,1,1
8264,9,9
8265,8,8
8266,4,4
8267,1,1
8268,4,4
8269,3,3
8270,2,2
8271,9,9
8272,3,3
8273,6,6
8274,1,1
8275,7,7
8276,1,1
8277,5,5
8278,0,0
8279,9,9
8280,1,1
8281,1,1
8282,5,5
8283,2,2
8284,4,4
8285,4,4
8286,5,5
8287,4,4
8288,3,3
8289,6,6
8290,1,1
8291,1,1
8292,6,6
8293,9,9
8294,5,5
8295,9,9
8296,1,1
8297,6,6
8298,2,2
8299,5,5
8300,9,9
8301,3,3
8302,1,1
8303,3,3
8304,0,0
8305,6,6
8306,3,3
8307,4,4
8308,6,6
8309,1,1
8310,3,3
8311,5,5
8312,3,3
8313,6,6
8314,4,4
8315,9,9
8316,6,6
8317,5,5
8318,9,9
8319,9,9
8320,9,9
8321,6,6
8322,5,5
8323,1,1
8324,1,1
8325,1,1
8326,8,8
8327,6,6
8328,6,6
8329,2,2
8330,5,5
8331,7,7
8332,2,2
8333,7,7
8334,4,4
8335,4,4
8336,5,5
8337,1,1
8338,4,4
8339,6,6
8340,2,2
8341,2,2
8342,1,1
8343,8,8
8344,8,8
8345,5,5
8346,6,6
8347,2,2
8348,1,1
8349,0,0
8350,3,3
8351,8,8
8352,0,0
8353,1,1
8354,2,2
8355,4,4
8356,3,3
8357,0,0
8358,9,9
8359,1,1
8360,3,3
8361,6,6
8362,9,9
8363,9,9
8364,7,7
8365,4,4
8366,7,7
8367,1,1
8368,2,2
8369,5,5
8370,1,1
8371,2,2
8372,3,3
8373,1,1
8374,0,0
8375,6,6
8376,9,9
8377,3,3
8378,2,2
8379,2,2
8380,8,8
8381,4,4
8382,7,7
8383,5,5
8384,6,6
8385,3,3
8386,0,0
8387,6,6
8388,5,5
8389,3,3
8390,3,3
8391,5,5
8392,6,6
8393,1,1
8394,3,3
8395,5,5
8396,4,4
8397,9,9
8398,9,9
8399,3,3
8400,5,5
8401,4,4
8402,3,3
8403,6,6
8404,4,4
8405,6,6
8406,0,0
8407,4,4
8408,9,9
8409,0,0
8410,3,3
8411,4,4
8412,5,5
8413,0,0
8414,8,8
8415,6,6
8416,1,1
8417,7,7
8418,6,6
8419,1,1
8420,5,5
8421,0,0
8422,7,7
8423,6,6
8424,2,2
8425,0,0
8426,5,5
8427,4,4
8428,6,6
8429,8,8
8430,1,1
8431,6,6
8432,8,8
8433,7,7
8434,8,8
8435,2,2
8436,6,6
8437,5,5
8438,4,4
8439,1,1
8440,6,6
8441,7,7
8442,0,0
8443,7,7
8444,9,9
8445,9,9
8446,9,9
8447,7,7
8448,4,4
8449,1,1
8450,0,0
8451,6,6
8452,7,7
8453,6,6
8454,1,1
8455,2,2
8456,9,9
8457,6,6
8458,9,9
8459,6,6
8460,0,0
8461,7,7
8462,4,4
8463,2,2
8464,5,5
8465,3,3
8466,6,6
8467,9,9
8468,5,5
8469,7,7
8470,2,2
8471,7,7
8472,3,3
8473,2,2
8474,7,7
8475,7,7
8476,5,5
8477,7,7
8478,0,0
8479,5,5
8480,8,8
8481,8,8
8482,5,5
8483,6,6
8484,5,5
8485,2,2
8486,6,6
8487,6,6
8488,5,5
8489,1,1
8490,6,6
8491,4,4
8492,4,4
8493,0,0
8494,1,1
8495,4,4
8496,3,3
8497,5,5
8498,9,9
8499,4,4
8500,6,6
8501,4,4
8502,7,7
8503,9,9
8504,2,2
8505,4,4
8506,6,6
8507,7,7
8508,0,0
8509,0,0
8510,3,3
8511,7,7
8512,5,5
8513,0,0
8514,2,2
8515,1,1
8516,6,6
8517,2,2
8518,2,2
8519,3,3
8520,7,7
8521,9,9
8522,8,8
8523,4,4
8524,1,1
8525,7,7
8526,1,1
8527,8,8
8528,2,2
8529,5,5
8530,6,6
8531,0,0
8532,2,2
8533,8,8
8534,4,4
8535,5,5
8536,3,3
8537,9,9
8538,0,0
8539,1,1
8540,8,8
8541,5,5
8542,7,7
8543,6,6
8544,2,2
8545,5,5
8546,7,7
8547,7,7
8548,5,5
8549,2,2
8550,0,0
8551,7,7
8552,1,1
8553,9,9
8554,1,1
8555,4,4
8556,6,6
8557,3,3
8558,2,2
8559,1,1
8560,7,7
8561,9,9
8562,1,1
8563,8,8
8564,7,7
8565,6,6
8566,9,9
8567,3,3
8568,5,5
8569,6,6
8570,4,4
8571,3,3
8572,8,8
8573,4,4
8574,3,3
8575,7,7
8576,6,6
8577,3,3
8578,9,9
8579,9,9
8580,7,7
8581,6,6
8582,2,2
8583,1,1
8584,9,9
8585,3,3
8586,7,7
8587,3,3
8588,4,4
8589,8,8
8590,5,5
8591,1,1
8592,4,4
8593,0,0
8594,5,5
8595,9,9
8596,1,1
8597,2,2
8598,5,5
8599,1,1
8600,1,1
8601,4,4
8602,1,1
8603,8,8
8604,2,2
8605,1,1
8606,5,5
8607,3,3
8608,5,5
8609,2,2
8610,4,4
8611,1,1
8612,6,6
8613,3,3
8614,6,6
8615,7,7
8616,1,1
8617,1,1
8618,9,9
8619,2,2
8620,9,9
8621,5,5
8622,8,8
8623,4,4
8624,8,8
8625,1,1
8626,2,2
8627,6,6
8628,6,6
8629,2,2
8630,5,5
8631,8,8
8632,0,0
8633,9,9
8634,7,7
8635,2,2
8636,3,3
8637,2,2
8638,2,2
8639,2,2
8640,7,7
8641,4,4
8642,1,1
8643,0,0
8644,2,2
8645,9,9
8646,7,7
8647,2,2
8648,9,9
8649,3,3
8650,5,5
8651,9,9
8652,6,6
8653,7,7
8654,6,6
8655,5,5
8656,7,7
8657,7,7
8658,7,7
8659,3,3
8660,5,5
8661,4,4
8662,7,7
8663,3,3
8664,4,4
8665,7,7
8666,3,3
8667,8,8
8668,6,6
8669,0,0
8670,8,8
8671,2,2
8672,3,3
8673,6,6
8674,7,7
8675,5,5
8676,2,2
8677,9,9
8678,4,4
8679,5,5
8680,4,4
8681,6,6
8682,0,0
8683,1,1
8684,1,1
8685,2,2
8686,7,7
8687,3,3
8688,3,3
8689,6,6
8690,2,2
8691,7,7
8692,7,7
8693,5,5
8694,6,6
8695,4,4
8696,3,3
8697,0,0
8698,4,4
8699,2,2
8700,1,1
8701,0,0
8702,8,8
8703,0,0
8704,9,9
8705,1,1
8706,4,4
8707,2,2
8708,6,6
8709,4,4
8710,3,3
8711,5,5
8712,6,6
8713,0,0
8714,8,8
8715,3,3
8716,9,9
8717,1,1
8718,7,7
8719,1,1
8720,2,2
8721,1,1
8722,7,7
8723,7,7
8724,8,8
8725,7,7
8726,4,4
8727,9,9
8728,9,9
8729,6,6
8730,3,3
8731,6,6
8732,3,3
8733,9,9
8734,5,5
8735,4,4
8736,1,1
8737,2,2
8738,1,1
8739,7,7
8740,6,6
8741,9,9
8742,4,4
8743,3,3
8744,0,0
8745,6,6
8746,4,4
8747,7,7
8748,7,7
8749,6,6
8750,0,0
8751,3,3
8752,3,3
8753,0,0
8754,2,2
8755,5,5
8756,3,3
8757,3,3
8758,4,4
8759,0,0
8760,2,2
8761,3,3
8762,3,3
8763,4,4
8764,1,1
8765,1,1
8766,3,3
8767,2,2
8768,9,9
8769,4,4
8770,3,3
8771,9,9
8772,6,6
8773,6,6
8774,4,4
8775,2,2
8776,1,1
8777,2,2
8778,3,3
8779,4,4
8780,6,6
8781,3,3
8782,9,9
8783,6,6
8784,4,4
8785,1,1
8786,7,7
8787,3,3
8788,0,0
8789,5,5
8790,6,6
8791,0,0
8792,7,7
8793,8,8
8794,7,7
8795,4,4
8796,8,8
8797,5,5
8798,4,4
8799,5,5
8800,2,2
8801,4,4
8802,2,2
8803,7,7
8804,0,0
8805,6,6
8806,9,9
8807,4,4
8808,1,1
8809,2,2
8810,4,4
8811,8,8
8812,8,8
8813,7,7
8814,7,7
8815,2,2
8816,9,9
8817,1,1
8818,8,8
8819,0,0
8820,9,9
8821,1,1
8822,1,1
8823,1,1
8824,3,3
8825,8,8
8826,7,7
8827,1,1
8828,4,4
8829,4,4
8830,9,9
8831,3,3
8832,9,9
8833,8,8
8834,4,4
8835,1,1
8836,4,4
8837,0,0
8838,4,4
8839,1,1
8840,1,1
8841,3,3
8842,9,9
8843,6,6
8844,1,1
8845,9,9
8846,2,2
8847,4,4
8848,8,8
8849,9,9
8850,5,5
8851,8,8
8852,2,2
8853,5,5
8854,1,1
8855,5,5
8856,9,9
8857,8,8
8858,5,5
8859,3,3
8860,0,0
8861,5,5
8862,4,4
8863,8,8
8864,6,6
8865,7,7
8866,7,7
8867,5,5
8868,3,3
8869,8,8
8870,9,9
8871,3,3
8872,0,0
8873,4,4
8874,7,7
8875,7,7
8876,9,9
8877,0,0
8878,2,2
8879,0,0
8880,4,4
8881,2,2
8882,2,2
8883,1,1
8884,2,2
8885,4,4
8886,6,6
8887,1,1
8888,0,0
8889,1,1
8890,7,7
8891,6,6
8892,6,6
8893,9,9
8894,0,0
8895,2,2
8896,6,6
8897,0,0
8898,6,6
8899,3,3
8900,9,9
8901,4,4
8902,5,5
8903,8,8
8904,5,5
8905,2,2
8906,1,1
8907,4,4
8908,3,3
8909,0,0
8910,0,0
8911,5,5
8912,7,7
8913,5,5
8914,0,0
8915,8,8
8916,9,9
8917,5,5
8918,3,3
8919,8,8
8920,1,1
8921,3,3
8922,3,3
8923,4,4
8924,7,7
8925,7,7
8926,7,7
8927,4,4
8928,5,5
8929,9,9
8930,2,2
8931,5,5
8932,9,9
8933,2,2
8934,9,9
8935,6,6
8936,2,2
8937,5,5
8938,3,3
8939,8,8
8940,9,9
8941,4,4
8942,9,9
8943,2,2
8944,2,2
8945,1,1
8946,0,0
8947,0,0
8948,7,7
8949,9,9
8950,2,2
8951,0,0
8952,3,3
8953,0,0
8954,3,3
8955,4,4
8956,3,3
8957,5,5
8958,7,7
8959,2,2
8960,3,3
8961,7,7
8962,1,1
8963,4,4
8964,9,9
8965,7,7
8966,3,3
8967,4,4
8968,6,6
8969,5,5
8970,7,7
8971,6,6
8972,8,8
8973,8,8
8974,1,1
8975,3,3
8976,6,6
8977,2,2
8978,4,4
8979,2,2
8980,0,0
8981,6,6
8982,1,1
8983,2,2
8984,3,3
8985,7,7
8986,8,8
8987,0,0
8988,6,6
8989,6,6
8990,2,2
8991,3,3
8992,3,3
8993,4,4
8994,1,1
8995,0,0
8996,0,0
8997,8,8
8998,5,5
8999,6,6
9000,2,2
9001,1,1
9002,8,8
9003,9,9
9004,5,5
9005,4,4
9006,7,7
9007,9,9
9008,3,3
9009,9,9
9010,7,7
9011,2,2
9012,7,7
9013,1,1
9014,1,1
9015,0,0
9016,3,3
9017,3,3
9018,4,4
9019,4,4
9020,9,9
9021,8,8
9022,1,1
9023,9,9
9024,2,2
9025,8,8
9026,8,8
9027,9,9
9028,3,3
9029,1,1
9030,6,6
9031,6,6
9032,6,6
9033,5,5
9034,0,0
9035,8,8
9036,4,4
9037,7,7
9038,0,0
9039,1,1
9040,8,8
9041,5,5
9042,9,9
9043,3,3
9044,6,6
9045,6,6
9046,0,0
9047,7,7
9048,0,0
9049,6,6
9050,8,8
9051,0,0
9052,1,1
9053,8,8
9054,4,4
9055,3,3
9056,8,8
9057,8,8
9058,9,9
9059,9,9
9060,7,7
9061,9,9
9062,4,4
9063,9,9
9064,7,7
9065,1,1
9066,1,1
9067,6,6
9068,5,5
9069,4,4
9070,5,5
9071,3,3
9072,6,6
9073,0,0
9074,9,9
9075,2,2
9076,1,1
9077,2,2
9078,4,4
9079,5,5
9080,8,8
9081,9,9
9082,9,9
9083,0,0
9084,4,4
9085,2,2
9086,0,0
9087,1,1
9088,5,5
9089,0,0
9090,9,9
9091,5,5
9092,9,9
9093,8,8
9094,9,9
9095,2,2
9096,3,3
9097,2,2
9098,8,8
9099,5,5
9100,4,4
9101,5,5
9102,4,4
9103,9,9
9104,2,2
9105,1,1
9106,2,2
9107,1,1
9108,5,5
9109,6,6
9110,9,9
9111,1,1
9112,9,9
9113,8,8
9114,0,0
9115,7,7
9116,4,4
9117,0,0
9118,0,0
9119,2,2
9120,8,8
9121,7,7
9122,0,0
9123,0,0
9124,7,7
9125,3,3
9126,7,7
9127,1,1
9128,9,9
9129,8,8
9130,2,2
9131,9,9
9132,6,6
9133,8,8
9134,3,3
9135,0,0
9136,1,1
9137,9,9
9138,1,1
9139,3,3
9140,4,4
9141,7,7
9142,0,0
9143,7,7
9144,3,3
9145,8,8
9146,4,4
9147,5,5
9148,2,2
9149,2,2
9150,0,0
9151,8,8
9152,4,4
9153,5,5
9154,8,8
9155,5,5
9156,5,5
9157,9,9
9158,4,4
9159,2,2
9160,0,0
9161,3,3
9162,7,7
9163,0,0
9164,0,0
9165,0,0
9166,5,5
9167,5,5
9168,4,4
9169,6,6
9170,6,6
9171,2,2
9172,2,2
9173,0,0
9174,9,9
9175,3,3
9176,6,6
9177,4,4
9178,4,4
9179,0,0
9180,3,3
9181,2,2
9182,6,6
9183,1,1
9184,8,8
9185,0,0
9186,4,4
9187,7,7
9188,0,0
9189,2,2
9190,4,4
9191,8,8
9192,9,9
9193,9,9
9194,2,2
9195,0,0
9196,7,7
9197,1,1
9198,0,0
9199,5,5
9200,7,7
9201,5,5
9202,3,3
9203,1,1
9204,0,0
9205,2,2
9206,2,2
9207,9,9
9208,1,1
9209,2,2
9210,8,8
9211,1,1
9212,0,0
9213,9,9
9214,6,6
9215,6,6
9216,6,6
9217,8,8
9218,0,0
9219,1,1
9220,4,4
9221,9,9
9222,8,8
9223,6,6
9224,4,4
9225,5,5
9226,9,9
9227,6,6
9228,2,2
9229,5,5
9230,5,5
9231,7,7
9232,7,7
9233,4,4
9234,5,5
9235,1,1
9236,1,1
9237,4,4
9238,7,7
9239,9,9
9240,1,1
9241,7,7
9242,8,8
9243,8,8
9244,8,8
9245,4,4
9246,4,4
9247,0,0
9248,9,9
9249,3,3
9250,2,2
9251,8,8
9252,0,0
9253,7,7
9254,1,1
9255,2,2
9256,4,4
9257,6,6
9258,4,4
9259,1,1
9260,0,0
9261,9,9
9262,8,8
9263,9,9
9264,0,0
9265,0,0
9266,2,2
9267,2,2
9268,9,9
9269,0,0
9270,8,8
9271,6,6
9272,4,4
9273,1,1
9274,1,1
9275,9,9
9276,7,7
9277,8,8
9278,2,2
9279,4,4
9280,2,2
9281,8,8
9282,2,2
9283,9,9
9284,0,0
9285,7,7
9286,6,6
9287,9,9
9288,7,7
9289,5,5
9290,5,5
9291,8,8
9292,5,5
9293,4,4
9294,5,5
9295,8,8
9296,7,7
9297,6,6
9298,3,3
9299,2,2
9300,6,6
9301,1,1
9302,7,7
9303,1,1
9304,0,0
9305,9,9
9306,0,0
9307,5,5
9308,1,1
9309,0,0
9310,9,9
9311,9,9
9312,4,4
9313,9,9
9314,6,6
9315,3,3
9316,9,9
9317,2,2
9318,5,5
9319,7,7
9320,0,0
9321,5,5
9322,6,6
9323,8,8
9324,9,9
9325,4,4
9326,7,7
9327,0,0
9328,5,5
9329,8,8
9330,3,3
9331,7,7
9332,0,0
9333,7,7
9334,8,8
9335,1,1
9336,9,9
9337,6,6
9338,1,1
9339,4,4
9340,0,0
9341,5,5
9342,4,4
9343,7,7
9344,7,7
9345,1,1
9346,6,6
9347,8,8
9348,9,9
9349,8,8
9350,8,8
9351,6,6
9352,4,4
9353,1,1
9354,5,5
9355,3,3
9356,5,5
9357,5,5
9358,3,3
9359,6,6
9360,4,4
9361,9,9
9362,8,8
9363,0,0
9364,5,5
9365,3,3
9366,8,8
9367,4,4
9368,0,0
9369,3,3
9370,9,9
9371,6,6
9372,6,6
9373,0,0
9374,5,5
9375,3,3
9376,3,3
9377,0,0
9378,8,8
9379,4,4
9380,1,1
9381,3,3
9382,7,7
9383,6,6
9384,0,0
9385,3,3
9386,6,6
9387,7,7
9388,3,3
9389,1,1
9390,0,0
9391,8,8
9392,0,0
9393,7,7
9394,9,9
9395,3,3
9396,3,3
9397,4,4
9398,2,2
9399,6,6
9400,9,9
9401,3,3
9402,3,3
9403,6,6
9404,9,9
9405,2,2
9406,7,7
9407,3,3
9408,2,2
9409,0,0
9410,6,6
9411,0,0
9412,5,5
9413,0,0
9414,2,2
9415,2,2
9416,8,8
9417,4,4
9418,8,8
9419,6,6
9420,1,1
9421,5,5
9422,8,8
9423,1,1
9424,9,9
9425,6,6
9426,9,9
9427,3,3
9428,3,3
9429,8,8
9430,2,2
9431,1,1
9432,2,2
9433,1,1
9434,8,8
9435,9,9
9436,1,1
9437,8,8
9438,6,6
9439,6,6
9440,2,2
9441,5,5
9442,3,3
9443,1,1
9444,4,4
9445,7,7
9446,5,5
9447,2,2
9448,2,2
9449,5,5
9450,9,9
9451,1,1
9452,5,5
9453,1,1
9454,9,9
9455,4,4
9456,6,6
9457,8,8
9458,0,0
9459,2,2
9460,1,1
9461,5,5
9462,1,1
9463,0,0
9464,5,5
9465,3,3
9466,0,0
9467,3,3
9468,6,6
9469,1,1
9470,3,3
9471,6,6
9472,5,5
9473,7,7
9474,2,2
9475,5,5
9476,6,6
9477,0,0
9478,6,6
9479,1,1
9480,3,3
9481,5,5
9482,5,5
9483,9,9
9484,6,6
9485,0,0
9486,9,9
9487,1,1
9488,5,5
9489,4,4
9490,9,9
9491,9,9
9492,6,6
9493,1,1
9494,7,7
9495,1,1
9496,3,3
9497,5,5
9498,8,8
9499,8,8
9500,6,6
9501,8,8
9502,0,0
9503,9,9
9504,5,5
9505,0,0
9506,2,2
9507,0,0
9508,4,4
9509,5,5
9510,4,4
9511,3,3
9512,0,0
9513,6,6
9514,2,2
9515,4,4
9516,4,4
9517,3,3
9518,8,8
9519,5,5
9520,1,1
9521,2,2
9522,2,2
9523,0,0
9524,8,8
9525,0,0
9526,4,4
9527,5,5
9528,9,9
9529,4,4
9530,3,3
9531,3,3
9532,7,7
9533,7,7
9534,1,1
9535,1,1
9536,1,1
9537,0,0
9538,1,1
9539,1,1
9540,5,5
9541,3,3
9542,8,8
9543,0,0
9544,9,9
9545,0,0
9546,6,6
9547,0,0
9548,4,4
9549,2,2
9550,7,7
9551,7,7
9552,2,2
9553,8,8
9554,7,7
9555,8,8
9556,6,6
9557,0,0
9558,2,2
9559,7,7
9560,4,4
9561,3,3
9562,4,4
9563,3,3
9564,5,5
9565,9,9
9566,6,6
9567,1,1
9568,8,8
9569,9,9
9570,4,4
9571,9,9
9572,9,9
9573,2,2
9574,2,2
9575,8,8
9576,9,9
9577,4,4
9578,1,1
9579,8,8
9580,0,0
9581,3,3
9582,3,3
9583,6,6
9584,5,5
9585,6,6
9586,5,5
9587,1,1
9588,4,4
9589,1,1
9590,8,8
9591,1,1
9592,9,9
9593,9,9
9594,8,8
9595,2,2
9596,6,6
9597,7,7
9598,4,4
9599,4,4
9600,9,9
9601,4,4
9602,7,7
9603,0,0
9604,6,6
9605,6,6
9606,3,3
9607,6,6
9608,1,1
9609,8,8
9610,9,9
9611,4,4
9612,0,0
9613,8,8
9614,2,2
9615,1,1
9616,7,7
9617,8,8
9618,1,1
9619,6,6
9620,7,7
9621,5,5
9622,9,9
9623,7,7
9624,3,3
9625,0,0
9626,3,3
9627,2,2
9628,3,3
9629,1,1
9630,9,9
9631,6,6
9632,8,8
9633,1,1
9634,5,5
9635,0,0
9636,2,2
9637,9,9
9638,1,1
9639,6,6
9640,5,5
9641,7,7
9642,4,4
9643,1,1
9644,6,6
9645,2,2
9646,6,6
9647,8,8
9648,4,4
9649,7,7
9650,0,0
9651,2,2
9652,3,3
9653,9,9
9654,9,9
9655,0,0
9656,7,7
9657,5,5
9658,5,5
9659,3,3
9660,2,2
9661,4,4
9662,9,9
9663,9,9
9664,8,8
9665,5,5
9666,1,1
9667,9,9
9668,0,0
9669,9,9
9670,2,2
9671,2,2
9672,9,9
9673,4,4
9674,3,3
9675,7,7
9676,2,2
9677,8,8
9678,9,9
9679,7,7
9680,1,1
9681,8,8
9682,0,0
9683,3,3
9684,8,8
9685,5,5
9686,0,0
9687,8,8
9688,9,9
9689,7,7
9690,3,3
9691,1,1
9692,5,5
9693,6,6
9694,8,8
9695,3,3
9696,7,7
9697,2,2
9698,6,6
9699,8,8
9700,2,2
9701,8,8
9702,2,2
9703,1,1
9704,0,0
9705,3,3
9706,7,7
9707,0,0
9708,0,0
9709,4,4
9710,1,1
9711,0,0
9712,1,1
9713,0,0
9714,4,4
9715,2,2
9716,7,7
9717,3,3
9718,5,5
9719,8,8
9720,9,9
9721,8,8
9722,9,9
9723,6,6
9724,2,2
9725,7,7
9726,1,1
9727,7,7
9728,2,2
9729,5,5
9730,7,7
9731,7,7
9732,5,5
9733,8,8
9734,5,5
9735,2,2
9736,0,0
9737,2,2
9738,4,4
9739,3,3
9740,9,9
9741,5,5
9742,8,8
9743,6,6
9744,5,5
9745,9,9
9746,1,1
9747,5,5
9748,7,7
9749,6,6
9750,0,0
9751,2,2
9752,6,6
9753,9,9
9754,1,1
9755,9,9
9756,1,1
9757,8,8
9758,5,5
9759,8,8
9760,1,1
9761,2,2
9762,5,5
9763,7,7
9764,5,5
9765,0,0
9766,2,2
9767,4,4
9768,0,0
9769,7,7
9770,8,8
9771,9,9
9772,7,7
9773,4,4
9774,9,9
9775,9,9
9776,6,6
9777,8,8
9778,1,1
9779,0,0
9780,7,7
9781,6,6
9782,5,5
9783,8,8
9784,4,4
9785,7,7
9786,1,1
9787,7,7
9788,1,1
9789,8,8
9790,0,0
9791,4,4
9792,6,6
9793,1,1
9794,3,3
9795,5,5
9796,2,2
9797,9,9
9798,5,5
9799,7,7
9800,6,6
9801,9,9
9802,9,9
9803,2,2
9804,4,4
9805,6,6
9806,7,7
9807,9,9
9808,2,2
9809,6,6
9810,7,7
9811,4,4
9812,7,7
9813,4,4
9814,2,2
9815,3,3
9816,8,8
9817,0,0
9818,7,7
9819,6,6
9820,5,5
9821,9,9
9822,2,2
9823,2,2
9824,8,8
9825,7,7
9826,6,6
9827,7,7
9828,7,7
9829,0,0
9830,5,5
9831,0,0
9832,6,6
9833,5,5
9834,6,6
9835,5,5
9836,3,3
9837,2,2
9838,2,2
9839,0,0
9840,5,5
9841,6,6
9842,6,6
9843,4,4
9844,6,6
9845,0,0
9846,9,9
9847,2,2
9848,2,2
9849,8,8
9850,9,9
9851,1,1
9852,4,4
9853,5,5
9854,1,1
9855,3,3
9856,2,2
9857,6,6
9858,7,7
9859,4,4
9860,2,2
9861,1,1
9862,3,3
9863,6,6
9864,0,0
9865,1,1
9866,2,2
9867,3,3
9868,0,0
9869,3,3
9870,4,4
9871,8,8
9872,8,8
9873,1,1
9874,1,1
9875,3,3
9876,6,6
9877,5,5
9878,6,6
9879,9,9
9880,1,1
9881,5,5
9882,3,3
9883,6,6
9884,0,0
9885,4,4
9886,0,0
9887,1,1
9888,4,4
9889,9,9
9890,8,8
9891,3,3
9892,8,8
9893,0,0
9894,2,2
9895,1,1
9896,8,8
9897,3,3
9898,4,4
9899,7,7
9900,1,1
9901,7,7
9902,3,3
9903,6,6
9904,5,5
9905,3,3
9906,2,2
9907,6,6
9908,3,3
9909,4,4
9910,7,7
9911,9,9
9912,2,2
9913,5,5
9914,3,3
9915,8,8
9916,1,1
9917,0,0
9918,2,2
9919,1,1
9920,7,7
9921,1,1
9922,9,9
9923,7,7
9924,3,3
9925,3,3
9926,4,4
9927,1,1
9928,3,3
9929,5,5
9930,1,1
9931,1,1
9932,7,7
9933,3,3
9934,7,7
9935,6,6
9936,2,2
9937,7,7
9938,2,2
9939,0,0
9940,9,9
9941,6,6
9942,3,3
9943,7,7
9944,7,7
9945,2,2
9946,3,3
9947,5,5
9948,0,0
9949,5,5
9950,6,6
9951,5,5
9952,2,2
9953,4,4
9954,2,2
9955,4,4
9956,7,7
9957,9,9
9958,4,4
9959,4,4
9960,4,4
9961,7,7
9962,1,1
9963,9,9
9964,3,3
9965,6,6
9966,1,1
9967,7,7
9968,1,1
9969,4,4
9970,7,7
9971,9,9
9972,7,7
9973,8,8
9974,0,0
9975,1,1
9976,6,6
9977,9,9
9978,3,3
9979,0,0
9980,4,4
9981,0,0
9982,3,3
9983,9,9
9984,5,5
9985,0,0
9986,5,5
9987,5,5
9988,8,8
9989,7,7
9990,8,8
9991,9,9
9992,9,9
9993,0,0
9994,1,1
9995,4,4
9996,1,1
9997,0,0
9998,6,6
9999,4,4
